
\documentclass[6pt,a4paper]{article}
\usepackage[a4paper,margin=0.54cm]{geometry}
\usepackage{longtable}
\usepackage{rotating}
\usepackage{pdflscape}
\usepackage{ctable}
\title{Summary of correlation analysis between participants' motivation and learning outcomes in the third empirical study }
\date{}
\begin{document}

\maketitle


\section{Diference in Scores and Motivation}

%latex.default(round(M, 4), caption = paste("Correlation matrix",     "of", mod$title, in_title), size = "scriptsize", longtable = T,     ctable = F, landscape = F, insert.bottom = paste("method: ",         mod$method), where = "!htbp", file = filename, append = T)%
\setlongtables{\scriptsize
\begin{longtable}{lrrrrrrrrrr}\caption{Correlation matrix of Diference in Scores and Motivation between participants' motivation and learning outcomes in the third empirical study} \tabularnewline
\hline\hline
\multicolumn{1}{l}{round}&\multicolumn{1}{c}{Diference in Scores}&\multicolumn{1}{c}{Intrinsic Motivation}&\multicolumn{1}{c}{Interest/Enjoyment}&\multicolumn{1}{c}{Perceived Choice}&\multicolumn{1}{c}{Pressure/Tension}&\multicolumn{1}{c}{Effort/Importance}&\multicolumn{1}{c}{Level of Motivation}&\multicolumn{1}{c}{Attention}&\multicolumn{1}{c}{Relevance}&\multicolumn{1}{c}{Satisfaction}\tabularnewline
\hline
\endfirsthead\caption[]{\em (continued)} \tabularnewline
\hline
\multicolumn{1}{l}{round}&\multicolumn{1}{c}{Diference in Scores}&\multicolumn{1}{c}{Intrinsic Motivation}&\multicolumn{1}{c}{Interest/Enjoyment}&\multicolumn{1}{c}{Perceived Choice}&\multicolumn{1}{c}{Pressure/Tension}&\multicolumn{1}{c}{Effort/Importance}&\multicolumn{1}{c}{Level of Motivation}&\multicolumn{1}{c}{Attention}&\multicolumn{1}{c}{Relevance}&\multicolumn{1}{c}{Satisfaction}\tabularnewline
\hline
\endhead
\hline
\multicolumn{11}{p{\linewidth}}{method:  spearman}\tabularnewline
\endfoot
\label{round}
Diference in Scores&$ 1.0000$&$ 0.0239$&$-0.2616$&$ 0.1349$&$ 0.1320$&$ 0.2227$&$-0.0582$&$-0.1486$&$ 0.1253$&$0.0200$\tabularnewline
Intrinsic Motivation&$ 0.0239$&$ 1.0000$&$ 0.4578$&$ 0.7768$&$-0.6088$&$ 0.3974$&$ 0.5550$&$ 0.1947$&$ 0.6495$&$0.5288$\tabularnewline
Interest/Enjoyment&$-0.2616$&$ 0.4578$&$ 1.0000$&$ 0.2866$&$ 0.0301$&$-0.0620$&$ 0.7220$&$ 0.6813$&$ 0.2285$&$0.6499$\tabularnewline
Perceived Choice&$ 0.1349$&$ 0.7768$&$ 0.2866$&$ 1.0000$&$-0.3731$&$ 0.1231$&$ 0.3955$&$ 0.1310$&$ 0.5495$&$0.3535$\tabularnewline
Pressure/Tension&$ 0.1320$&$-0.6088$&$ 0.0301$&$-0.3731$&$ 1.0000$&$-0.0909$&$-0.0118$&$ 0.1889$&$-0.3067$&$0.0571$\tabularnewline
Effort/Importance&$ 0.2227$&$ 0.3974$&$-0.0620$&$ 0.1231$&$-0.0909$&$ 1.0000$&$ 0.1999$&$-0.0567$&$ 0.2520$&$0.3209$\tabularnewline
Level of Motivation&$-0.0582$&$ 0.5550$&$ 0.7220$&$ 0.3955$&$-0.0118$&$ 0.1999$&$ 1.0000$&$ 0.8663$&$ 0.5261$&$0.8222$\tabularnewline
Attention&$-0.1486$&$ 0.1947$&$ 0.6813$&$ 0.1310$&$ 0.1889$&$-0.0567$&$ 0.8663$&$ 1.0000$&$ 0.2211$&$0.6401$\tabularnewline
Relevance&$ 0.1253$&$ 0.6495$&$ 0.2285$&$ 0.5495$&$-0.3067$&$ 0.2520$&$ 0.5261$&$ 0.2211$&$ 1.0000$&$0.3135$\tabularnewline
Satisfaction&$ 0.0200$&$ 0.5288$&$ 0.6499$&$ 0.3535$&$ 0.0571$&$ 0.3209$&$ 0.8222$&$ 0.6401$&$ 0.3135$&$1.0000$\tabularnewline
\hline
\end{longtable}}

%latex.default(round(p_mat, 4), caption = paste("Correlation matrix with p-values",     "of", mod$title, in_title), size = "scriptsize", longtable = T,     ctable = F, landscape = F, insert.bottom = paste("method: ",         mod$method), where = "!htbp", file = filename, append = T)%
\setlongtables{\scriptsize
\begin{longtable}{lrrrrrrrrrr}\caption{Correlation matrix with p-values of Diference in Scores and Motivation between participants' motivation and learning outcomes in the third empirical study} \tabularnewline
\hline\hline
\multicolumn{1}{l}{round}&\multicolumn{1}{c}{Diference in Scores}&\multicolumn{1}{c}{Intrinsic Motivation}&\multicolumn{1}{c}{Interest/Enjoyment}&\multicolumn{1}{c}{Perceived Choice}&\multicolumn{1}{c}{Pressure/Tension}&\multicolumn{1}{c}{Effort/Importance}&\multicolumn{1}{c}{Level of Motivation}&\multicolumn{1}{c}{Attention}&\multicolumn{1}{c}{Relevance}&\multicolumn{1}{c}{Satisfaction}\tabularnewline
\hline
\endfirsthead\caption[]{\em (continued)} \tabularnewline
\hline
\multicolumn{1}{l}{round}&\multicolumn{1}{c}{Diference in Scores}&\multicolumn{1}{c}{Intrinsic Motivation}&\multicolumn{1}{c}{Interest/Enjoyment}&\multicolumn{1}{c}{Perceived Choice}&\multicolumn{1}{c}{Pressure/Tension}&\multicolumn{1}{c}{Effort/Importance}&\multicolumn{1}{c}{Level of Motivation}&\multicolumn{1}{c}{Attention}&\multicolumn{1}{c}{Relevance}&\multicolumn{1}{c}{Satisfaction}\tabularnewline
\hline
\endhead
\hline
\multicolumn{11}{p{\linewidth}}{method:  spearman}\tabularnewline
\endfoot
\label{round}
Diference in Scores&$0.0000$&$0.8746$&$0.0791$&$0.3714$&$0.3819$&$0.1369$&$0.7008$&$0.3243$&$0.4068$&$0.8952$\tabularnewline
Intrinsic Motivation&$0.8746$&$0.0000$&$0.0014$&$0.0000$&$0.0000$&$0.0062$&$0.0001$&$0.1948$&$0.0000$&$0.0002$\tabularnewline
Interest/Enjoyment&$0.0791$&$0.0014$&$0.0000$&$0.0535$&$0.8424$&$0.6821$&$0.0000$&$0.0000$&$0.1267$&$0.0000$\tabularnewline
Perceived Choice&$0.3714$&$0.0000$&$0.0535$&$0.0000$&$0.0107$&$0.4151$&$0.0065$&$0.3854$&$0.0001$&$0.0159$\tabularnewline
Pressure/Tension&$0.3819$&$0.0000$&$0.8424$&$0.0107$&$0.0000$&$0.5480$&$0.9382$&$0.2087$&$0.0381$&$0.7063$\tabularnewline
Effort/Importance&$0.1369$&$0.0062$&$0.6821$&$0.4151$&$0.5480$&$0.0000$&$0.1828$&$0.7081$&$0.0912$&$0.0297$\tabularnewline
Level of Motivation&$0.7008$&$0.0001$&$0.0000$&$0.0065$&$0.9382$&$0.1828$&$0.0000$&$0.0000$&$0.0002$&$0.0000$\tabularnewline
Attention&$0.3243$&$0.1948$&$0.0000$&$0.3854$&$0.2087$&$0.7081$&$0.0000$&$0.0000$&$0.1399$&$0.0000$\tabularnewline
Relevance&$0.4068$&$0.0000$&$0.1267$&$0.0001$&$0.0381$&$0.0912$&$0.0002$&$0.1399$&$0.0000$&$0.0339$\tabularnewline
Satisfaction&$0.8952$&$0.0002$&$0.0000$&$0.0159$&$0.7063$&$0.0297$&$0.0000$&$0.0000$&$0.0339$&$0.0000$\tabularnewline
\hline
\end{longtable}}

\section{Diference in Scores and Motivation for the group ont-gamified}

%latex.default(round(M, 4), caption = paste("Correlation matrix",     "of", mod$title, in_title), size = "scriptsize", longtable = T,     ctable = F, landscape = F, insert.bottom = paste("method: ",         mod$method), where = "!htbp", file = filename, append = T)%
\setlongtables{\scriptsize
\begin{longtable}{lrrrrrrrrrr}\caption{Correlation matrix of Diference in Scores and Motivation for the group ont-gamified between participants' motivation and learning outcomes in the third empirical study} \tabularnewline
\hline\hline
\multicolumn{1}{l}{round}&\multicolumn{1}{c}{Diference in Scores}&\multicolumn{1}{c}{Intrinsic Motivation}&\multicolumn{1}{c}{Interest/Enjoyment}&\multicolumn{1}{c}{Perceived Choice}&\multicolumn{1}{c}{Pressure/Tension}&\multicolumn{1}{c}{Effort/Importance}&\multicolumn{1}{c}{Level of Motivation}&\multicolumn{1}{c}{Attention}&\multicolumn{1}{c}{Relevance}&\multicolumn{1}{c}{Satisfaction}\tabularnewline
\hline
\endfirsthead\caption[]{\em (continued)} \tabularnewline
\hline
\multicolumn{1}{l}{round}&\multicolumn{1}{c}{Diference in Scores}&\multicolumn{1}{c}{Intrinsic Motivation}&\multicolumn{1}{c}{Interest/Enjoyment}&\multicolumn{1}{c}{Perceived Choice}&\multicolumn{1}{c}{Pressure/Tension}&\multicolumn{1}{c}{Effort/Importance}&\multicolumn{1}{c}{Level of Motivation}&\multicolumn{1}{c}{Attention}&\multicolumn{1}{c}{Relevance}&\multicolumn{1}{c}{Satisfaction}\tabularnewline
\hline
\endhead
\hline
\multicolumn{11}{p{\linewidth}}{method:  spearman}\tabularnewline
\endfoot
\label{round}
Diference in Scores&$ 1.0000$&$-0.0364$&$-0.2547$&$-0.0969$&$ 0.1441$&$ 0.3309$&$0.0767$&$-0.0039$&$-0.0260$&$0.2453$\tabularnewline
Intrinsic Motivation&$-0.0364$&$ 1.0000$&$ 0.3846$&$ 0.8487$&$-0.3744$&$ 0.2829$&$0.4559$&$ 0.2354$&$ 0.6866$&$0.2422$\tabularnewline
Interest/Enjoyment&$-0.2547$&$ 0.3846$&$ 1.0000$&$ 0.1759$&$ 0.2804$&$-0.1623$&$0.7967$&$ 0.8167$&$ 0.2995$&$0.6370$\tabularnewline
Perceived Choice&$-0.0969$&$ 0.8487$&$ 0.1759$&$ 1.0000$&$-0.2880$&$ 0.1141$&$0.3128$&$ 0.1090$&$ 0.6576$&$0.1542$\tabularnewline
Pressure/Tension&$ 0.1441$&$-0.3744$&$ 0.2804$&$-0.2880$&$ 1.0000$&$-0.0554$&$0.3436$&$ 0.4144$&$-0.1513$&$0.5337$\tabularnewline
Effort/Importance&$ 0.3309$&$ 0.2829$&$-0.1623$&$ 0.1141$&$-0.0554$&$ 1.0000$&$0.1282$&$ 0.0049$&$-0.1784$&$0.3354$\tabularnewline
Level of Motivation&$ 0.0767$&$ 0.4559$&$ 0.7967$&$ 0.3128$&$ 0.3436$&$ 0.1282$&$1.0000$&$ 0.9437$&$ 0.4229$&$0.8658$\tabularnewline
Attention&$-0.0039$&$ 0.2354$&$ 0.8167$&$ 0.1090$&$ 0.4144$&$ 0.0049$&$0.9437$&$ 1.0000$&$ 0.2235$&$0.8198$\tabularnewline
Relevance&$-0.0260$&$ 0.6866$&$ 0.2995$&$ 0.6576$&$-0.1513$&$-0.1784$&$0.4229$&$ 0.2235$&$ 1.0000$&$0.0441$\tabularnewline
Satisfaction&$ 0.2453$&$ 0.2422$&$ 0.6370$&$ 0.1542$&$ 0.5337$&$ 0.3354$&$0.8658$&$ 0.8198$&$ 0.0441$&$1.0000$\tabularnewline
\hline
\end{longtable}}

%latex.default(round(p_mat, 4), caption = paste("Correlation matrix with p-values",     "of", mod$title, in_title), size = "scriptsize", longtable = T,     ctable = F, landscape = F, insert.bottom = paste("method: ",         mod$method), where = "!htbp", file = filename, append = T)%
\setlongtables{\scriptsize
\begin{longtable}{lrrrrrrrrrr}\caption{Correlation matrix with p-values of Diference in Scores and Motivation for the group ont-gamified between participants' motivation and learning outcomes in the third empirical study} \tabularnewline
\hline\hline
\multicolumn{1}{l}{round}&\multicolumn{1}{c}{Diference in Scores}&\multicolumn{1}{c}{Intrinsic Motivation}&\multicolumn{1}{c}{Interest/Enjoyment}&\multicolumn{1}{c}{Perceived Choice}&\multicolumn{1}{c}{Pressure/Tension}&\multicolumn{1}{c}{Effort/Importance}&\multicolumn{1}{c}{Level of Motivation}&\multicolumn{1}{c}{Attention}&\multicolumn{1}{c}{Relevance}&\multicolumn{1}{c}{Satisfaction}\tabularnewline
\hline
\endfirsthead\caption[]{\em (continued)} \tabularnewline
\hline
\multicolumn{1}{l}{round}&\multicolumn{1}{c}{Diference in Scores}&\multicolumn{1}{c}{Intrinsic Motivation}&\multicolumn{1}{c}{Interest/Enjoyment}&\multicolumn{1}{c}{Perceived Choice}&\multicolumn{1}{c}{Pressure/Tension}&\multicolumn{1}{c}{Effort/Importance}&\multicolumn{1}{c}{Level of Motivation}&\multicolumn{1}{c}{Attention}&\multicolumn{1}{c}{Relevance}&\multicolumn{1}{c}{Satisfaction}\tabularnewline
\hline
\endhead
\hline
\multicolumn{11}{p{\linewidth}}{method:  spearman}\tabularnewline
\endfoot
\label{round}
Diference in Scores&$0.0000$&$0.8756$&$0.2652$&$0.6760$&$0.5333$&$0.1428$&$0.7411$&$0.9866$&$0.9108$&$0.2839$\tabularnewline
Intrinsic Motivation&$0.8756$&$0.0000$&$0.0852$&$0.0000$&$0.0945$&$0.2141$&$0.0378$&$0.3042$&$0.0006$&$0.2902$\tabularnewline
Interest/Enjoyment&$0.2652$&$0.0852$&$0.0000$&$0.4457$&$0.2183$&$0.4821$&$0.0000$&$0.0000$&$0.1873$&$0.0019$\tabularnewline
Perceived Choice&$0.6760$&$0.0000$&$0.4457$&$0.0000$&$0.2056$&$0.6224$&$0.1674$&$0.6380$&$0.0012$&$0.5045$\tabularnewline
Pressure/Tension&$0.5333$&$0.0945$&$0.2183$&$0.2056$&$0.0000$&$0.8116$&$0.1273$&$0.0618$&$0.5127$&$0.0127$\tabularnewline
Effort/Importance&$0.1428$&$0.2141$&$0.4821$&$0.6224$&$0.8116$&$0.0000$&$0.5798$&$0.9831$&$0.4391$&$0.1372$\tabularnewline
Level of Motivation&$0.7411$&$0.0378$&$0.0000$&$0.1674$&$0.1273$&$0.5798$&$0.0000$&$0.0000$&$0.0561$&$0.0000$\tabularnewline
Attention&$0.9866$&$0.3042$&$0.0000$&$0.6380$&$0.0618$&$0.9831$&$0.0000$&$0.0000$&$0.3301$&$0.0000$\tabularnewline
Relevance&$0.9108$&$0.0006$&$0.1873$&$0.0012$&$0.5127$&$0.4391$&$0.0561$&$0.3301$&$0.0000$&$0.8493$\tabularnewline
Satisfaction&$0.2839$&$0.2902$&$0.0019$&$0.5045$&$0.0127$&$0.1372$&$0.0000$&$0.0000$&$0.8493$&$0.0000$\tabularnewline
\hline
\end{longtable}}

\section{Diference in Scores and Motivation for the group w/o-gamified}

%latex.default(round(M, 4), caption = paste("Correlation matrix",     "of", mod$title, in_title), size = "scriptsize", longtable = T,     ctable = F, landscape = F, insert.bottom = paste("method: ",         mod$method), where = "!htbp", file = filename, append = T)%
\setlongtables{\scriptsize
\begin{longtable}{lrrrrrrrrrr}\caption{Correlation matrix of Diference in Scores and Motivation for the group w/o-gamified between participants' motivation and learning outcomes in the third empirical study} \tabularnewline
\hline\hline
\multicolumn{1}{l}{round}&\multicolumn{1}{c}{Diference in Scores}&\multicolumn{1}{c}{Intrinsic Motivation}&\multicolumn{1}{c}{Interest/Enjoyment}&\multicolumn{1}{c}{Perceived Choice}&\multicolumn{1}{c}{Pressure/Tension}&\multicolumn{1}{c}{Effort/Importance}&\multicolumn{1}{c}{Level of Motivation}&\multicolumn{1}{c}{Attention}&\multicolumn{1}{c}{Relevance}&\multicolumn{1}{c}{Satisfaction}\tabularnewline
\hline
\endfirsthead\caption[]{\em (continued)} \tabularnewline
\hline
\multicolumn{1}{l}{round}&\multicolumn{1}{c}{Diference in Scores}&\multicolumn{1}{c}{Intrinsic Motivation}&\multicolumn{1}{c}{Interest/Enjoyment}&\multicolumn{1}{c}{Perceived Choice}&\multicolumn{1}{c}{Pressure/Tension}&\multicolumn{1}{c}{Effort/Importance}&\multicolumn{1}{c}{Level of Motivation}&\multicolumn{1}{c}{Attention}&\multicolumn{1}{c}{Relevance}&\multicolumn{1}{c}{Satisfaction}\tabularnewline
\hline
\endhead
\hline
\multicolumn{11}{p{\linewidth}}{method:  spearman}\tabularnewline
\endfoot
\label{round}
Diference in Scores&$ 1.0000$&$-0.2804$&$-0.3640$&$-0.0664$&$ 0.2867$&$-0.1192$&$-0.2889$&$-0.1913$&$-0.0948$&$-0.2693$\tabularnewline
Intrinsic Motivation&$-0.2804$&$ 1.0000$&$ 0.5106$&$ 0.7203$&$-0.7629$&$ 0.3882$&$ 0.6662$&$ 0.2556$&$ 0.6463$&$ 0.7133$\tabularnewline
Interest/Enjoyment&$-0.3640$&$ 0.5106$&$ 1.0000$&$ 0.3195$&$-0.1330$&$ 0.0764$&$ 0.6663$&$ 0.6145$&$ 0.1119$&$ 0.6645$\tabularnewline
Perceived Choice&$-0.0664$&$ 0.7203$&$ 0.3195$&$ 1.0000$&$-0.4968$&$-0.0422$&$ 0.4452$&$ 0.2263$&$ 0.3879$&$ 0.4350$\tabularnewline
Pressure/Tension&$ 0.2867$&$-0.7629$&$-0.1330$&$-0.4968$&$ 1.0000$&$-0.1052$&$-0.3460$&$-0.0041$&$-0.5230$&$-0.3442$\tabularnewline
Effort/Importance&$-0.1192$&$ 0.3882$&$ 0.0764$&$-0.0422$&$-0.1052$&$ 1.0000$&$ 0.3023$&$ 0.0555$&$ 0.4051$&$ 0.3111$\tabularnewline
Level of Motivation&$-0.2889$&$ 0.6662$&$ 0.6663$&$ 0.4452$&$-0.3460$&$ 0.3023$&$ 1.0000$&$ 0.8339$&$ 0.5838$&$ 0.7641$\tabularnewline
Attention&$-0.1913$&$ 0.2556$&$ 0.6145$&$ 0.2263$&$-0.0041$&$ 0.0555$&$ 0.8339$&$ 1.0000$&$ 0.2344$&$ 0.5204$\tabularnewline
Relevance&$-0.0948$&$ 0.6463$&$ 0.1119$&$ 0.3879$&$-0.5230$&$ 0.4051$&$ 0.5838$&$ 0.2344$&$ 1.0000$&$ 0.4656$\tabularnewline
Satisfaction&$-0.2693$&$ 0.7133$&$ 0.6645$&$ 0.4350$&$-0.3442$&$ 0.3111$&$ 0.7641$&$ 0.5204$&$ 0.4656$&$ 1.0000$\tabularnewline
\hline
\end{longtable}}

%latex.default(round(p_mat, 4), caption = paste("Correlation matrix with p-values",     "of", mod$title, in_title), size = "scriptsize", longtable = T,     ctable = F, landscape = F, insert.bottom = paste("method: ",         mod$method), where = "!htbp", file = filename, append = T)%
\setlongtables{\scriptsize
\begin{longtable}{lrrrrrrrrrr}\caption{Correlation matrix with p-values of Diference in Scores and Motivation for the group w/o-gamified between participants' motivation and learning outcomes in the third empirical study} \tabularnewline
\hline\hline
\multicolumn{1}{l}{round}&\multicolumn{1}{c}{Diference in Scores}&\multicolumn{1}{c}{Intrinsic Motivation}&\multicolumn{1}{c}{Interest/Enjoyment}&\multicolumn{1}{c}{Perceived Choice}&\multicolumn{1}{c}{Pressure/Tension}&\multicolumn{1}{c}{Effort/Importance}&\multicolumn{1}{c}{Level of Motivation}&\multicolumn{1}{c}{Attention}&\multicolumn{1}{c}{Relevance}&\multicolumn{1}{c}{Satisfaction}\tabularnewline
\hline
\endfirsthead\caption[]{\em (continued)} \tabularnewline
\hline
\multicolumn{1}{l}{round}&\multicolumn{1}{c}{Diference in Scores}&\multicolumn{1}{c}{Intrinsic Motivation}&\multicolumn{1}{c}{Interest/Enjoyment}&\multicolumn{1}{c}{Perceived Choice}&\multicolumn{1}{c}{Pressure/Tension}&\multicolumn{1}{c}{Effort/Importance}&\multicolumn{1}{c}{Level of Motivation}&\multicolumn{1}{c}{Attention}&\multicolumn{1}{c}{Relevance}&\multicolumn{1}{c}{Satisfaction}\tabularnewline
\hline
\endhead
\hline
\multicolumn{11}{p{\linewidth}}{method:  spearman}\tabularnewline
\endfoot
\label{round}
Diference in Scores&$0.0000$&$0.1745$&$0.0737$&$0.7523$&$0.1648$&$0.5704$&$0.1613$&$0.3596$&$0.6522$&$0.1930$\tabularnewline
Intrinsic Motivation&$0.1745$&$0.0000$&$0.0091$&$0.0000$&$0.0000$&$0.0551$&$0.0003$&$0.2175$&$0.0005$&$0.0001$\tabularnewline
Interest/Enjoyment&$0.0737$&$0.0091$&$0.0000$&$0.1195$&$0.5261$&$0.7165$&$0.0003$&$0.0011$&$0.5943$&$0.0003$\tabularnewline
Perceived Choice&$0.7523$&$0.0000$&$0.1195$&$0.0000$&$0.0115$&$0.8413$&$0.0258$&$0.2768$&$0.0554$&$0.0298$\tabularnewline
Pressure/Tension&$0.1648$&$0.0000$&$0.5261$&$0.0115$&$0.0000$&$0.6167$&$0.0902$&$0.9846$&$0.0073$&$0.0920$\tabularnewline
Effort/Importance&$0.5704$&$0.0551$&$0.7165$&$0.8413$&$0.6167$&$0.0000$&$0.1419$&$0.7922$&$0.0446$&$0.1300$\tabularnewline
Level of Motivation&$0.1613$&$0.0003$&$0.0003$&$0.0258$&$0.0902$&$0.1419$&$0.0000$&$0.0000$&$0.0022$&$0.0000$\tabularnewline
Attention&$0.3596$&$0.2175$&$0.0011$&$0.2768$&$0.9846$&$0.7922$&$0.0000$&$0.0000$&$0.2594$&$0.0077$\tabularnewline
Relevance&$0.6522$&$0.0005$&$0.5943$&$0.0554$&$0.0073$&$0.0446$&$0.0022$&$0.2594$&$0.0000$&$0.0190$\tabularnewline
Satisfaction&$0.1930$&$0.0001$&$0.0003$&$0.0298$&$0.0920$&$0.1300$&$0.0000$&$0.0077$&$0.0190$&$0.0000$\tabularnewline
\hline
\end{longtable}}

\section{Diference in Scores and Motivation for the group Apprentice}

%latex.default(round(M, 4), caption = paste("Correlation matrix",     "of", mod$title, in_title), size = "scriptsize", longtable = T,     ctable = F, landscape = F, insert.bottom = paste("method: ",         mod$method), where = "!htbp", file = filename, append = T)%
\setlongtables{\scriptsize
\begin{longtable}{lrrrrrrrrrr}\caption{Correlation matrix of Diference in Scores and Motivation for the group Apprentice between participants' motivation and learning outcomes in the third empirical study} \tabularnewline
\hline\hline
\multicolumn{1}{l}{round}&\multicolumn{1}{c}{Diference in Scores}&\multicolumn{1}{c}{Intrinsic Motivation}&\multicolumn{1}{c}{Interest/Enjoyment}&\multicolumn{1}{c}{Perceived Choice}&\multicolumn{1}{c}{Pressure/Tension}&\multicolumn{1}{c}{Effort/Importance}&\multicolumn{1}{c}{Level of Motivation}&\multicolumn{1}{c}{Attention}&\multicolumn{1}{c}{Relevance}&\multicolumn{1}{c}{Satisfaction}\tabularnewline
\hline
\endfirsthead\caption[]{\em (continued)} \tabularnewline
\hline
\multicolumn{1}{l}{round}&\multicolumn{1}{c}{Diference in Scores}&\multicolumn{1}{c}{Intrinsic Motivation}&\multicolumn{1}{c}{Interest/Enjoyment}&\multicolumn{1}{c}{Perceived Choice}&\multicolumn{1}{c}{Pressure/Tension}&\multicolumn{1}{c}{Effort/Importance}&\multicolumn{1}{c}{Level of Motivation}&\multicolumn{1}{c}{Attention}&\multicolumn{1}{c}{Relevance}&\multicolumn{1}{c}{Satisfaction}\tabularnewline
\hline
\endhead
\hline
\multicolumn{11}{p{\linewidth}}{method:  spearman}\tabularnewline
\endfoot
\label{round}
Diference in Scores&$ 1.0000$&$-0.0812$&$-0.2955$&$ 0.0204$&$ 0.1161$&$ 0.1220$&$-0.1045$&$-0.1599$&$ 0.1036$&$0.0138$\tabularnewline
Intrinsic Motivation&$-0.0812$&$ 1.0000$&$ 0.5120$&$ 0.7801$&$-0.5699$&$ 0.4400$&$ 0.5621$&$ 0.2396$&$ 0.6107$&$0.6037$\tabularnewline
Interest/Enjoyment&$-0.2955$&$ 0.5120$&$ 1.0000$&$ 0.2599$&$-0.0269$&$-0.0321$&$ 0.7486$&$ 0.7183$&$ 0.2183$&$0.7056$\tabularnewline
Perceived Choice&$ 0.0204$&$ 0.7801$&$ 0.2599$&$ 1.0000$&$-0.3643$&$ 0.1684$&$ 0.3512$&$ 0.0962$&$ 0.5269$&$0.3612$\tabularnewline
Pressure/Tension&$ 0.1161$&$-0.5699$&$-0.0269$&$-0.3643$&$ 1.0000$&$-0.1369$&$ 0.0324$&$ 0.1419$&$-0.2406$&$0.0443$\tabularnewline
Effort/Importance&$ 0.1220$&$ 0.4400$&$-0.0321$&$ 0.1684$&$-0.1369$&$ 1.0000$&$ 0.1774$&$-0.0959$&$ 0.1990$&$0.3791$\tabularnewline
Level of Motivation&$-0.1045$&$ 0.5621$&$ 0.7486$&$ 0.3512$&$ 0.0324$&$ 0.1774$&$ 1.0000$&$ 0.8807$&$ 0.5715$&$0.8403$\tabularnewline
Attention&$-0.1599$&$ 0.2396$&$ 0.7183$&$ 0.0962$&$ 0.1419$&$-0.0959$&$ 0.8807$&$ 1.0000$&$ 0.2770$&$0.6289$\tabularnewline
Relevance&$ 0.1036$&$ 0.6107$&$ 0.2183$&$ 0.5269$&$-0.2406$&$ 0.1990$&$ 0.5715$&$ 0.2770$&$ 1.0000$&$0.4037$\tabularnewline
Satisfaction&$ 0.0138$&$ 0.6037$&$ 0.7056$&$ 0.3612$&$ 0.0443$&$ 0.3791$&$ 0.8403$&$ 0.6289$&$ 0.4037$&$1.0000$\tabularnewline
\hline
\end{longtable}}

%latex.default(round(p_mat, 4), caption = paste("Correlation matrix with p-values",     "of", mod$title, in_title), size = "scriptsize", longtable = T,     ctable = F, landscape = F, insert.bottom = paste("method: ",         mod$method), where = "!htbp", file = filename, append = T)%
\setlongtables{\scriptsize
\begin{longtable}{lrrrrrrrrrr}\caption{Correlation matrix with p-values of Diference in Scores and Motivation for the group Apprentice between participants' motivation and learning outcomes in the third empirical study} \tabularnewline
\hline\hline
\multicolumn{1}{l}{round}&\multicolumn{1}{c}{Diference in Scores}&\multicolumn{1}{c}{Intrinsic Motivation}&\multicolumn{1}{c}{Interest/Enjoyment}&\multicolumn{1}{c}{Perceived Choice}&\multicolumn{1}{c}{Pressure/Tension}&\multicolumn{1}{c}{Effort/Importance}&\multicolumn{1}{c}{Level of Motivation}&\multicolumn{1}{c}{Attention}&\multicolumn{1}{c}{Relevance}&\multicolumn{1}{c}{Satisfaction}\tabularnewline
\hline
\endfirsthead\caption[]{\em (continued)} \tabularnewline
\hline
\multicolumn{1}{l}{round}&\multicolumn{1}{c}{Diference in Scores}&\multicolumn{1}{c}{Intrinsic Motivation}&\multicolumn{1}{c}{Interest/Enjoyment}&\multicolumn{1}{c}{Perceived Choice}&\multicolumn{1}{c}{Pressure/Tension}&\multicolumn{1}{c}{Effort/Importance}&\multicolumn{1}{c}{Level of Motivation}&\multicolumn{1}{c}{Attention}&\multicolumn{1}{c}{Relevance}&\multicolumn{1}{c}{Satisfaction}\tabularnewline
\hline
\endhead
\hline
\multicolumn{11}{p{\linewidth}}{method:  spearman}\tabularnewline
\endfoot
\label{round}
Diference in Scores&$0.0000$&$0.6586$&$0.1006$&$0.9118$&$0.5270$&$0.5061$&$0.5692$&$0.3819$&$0.5728$&$0.9404$\tabularnewline
Intrinsic Motivation&$0.6586$&$0.0000$&$0.0027$&$0.0000$&$0.0007$&$0.0117$&$0.0008$&$0.1866$&$0.0002$&$0.0003$\tabularnewline
Interest/Enjoyment&$0.1006$&$0.0027$&$0.0000$&$0.1508$&$0.8837$&$0.8614$&$0.0000$&$0.0000$&$0.2300$&$0.0000$\tabularnewline
Perceived Choice&$0.9118$&$0.0000$&$0.1508$&$0.0000$&$0.0404$&$0.3568$&$0.0488$&$0.6005$&$0.0019$&$0.0422$\tabularnewline
Pressure/Tension&$0.5270$&$0.0007$&$0.8837$&$0.0404$&$0.0000$&$0.4549$&$0.8605$&$0.4385$&$0.1846$&$0.8096$\tabularnewline
Effort/Importance&$0.5061$&$0.0117$&$0.8614$&$0.3568$&$0.4549$&$0.0000$&$0.3313$&$0.6016$&$0.2748$&$0.0324$\tabularnewline
Level of Motivation&$0.5692$&$0.0008$&$0.0000$&$0.0488$&$0.8605$&$0.3313$&$0.0000$&$0.0000$&$0.0006$&$0.0000$\tabularnewline
Attention&$0.3819$&$0.1866$&$0.0000$&$0.6005$&$0.4385$&$0.6016$&$0.0000$&$0.0000$&$0.1248$&$0.0001$\tabularnewline
Relevance&$0.5728$&$0.0002$&$0.2300$&$0.0019$&$0.1846$&$0.2748$&$0.0006$&$0.1248$&$0.0000$&$0.0220$\tabularnewline
Satisfaction&$0.9404$&$0.0003$&$0.0000$&$0.0422$&$0.8096$&$0.0324$&$0.0000$&$0.0001$&$0.0220$&$0.0000$\tabularnewline
\hline
\end{longtable}}

\section{Diference in Scores and Motivation for the group Master}

%latex.default(round(M, 4), caption = paste("Correlation matrix",     "of", mod$title, in_title), size = "scriptsize", longtable = T,     ctable = F, landscape = F, insert.bottom = paste("method: ",         mod$method), where = "!htbp", file = filename, append = T)%
\setlongtables{\scriptsize
\begin{longtable}{lrrrrrrrrrr}\caption{Correlation matrix of Diference in Scores and Motivation for the group Master between participants' motivation and learning outcomes in the third empirical study} \tabularnewline
\hline\hline
\multicolumn{1}{l}{round}&\multicolumn{1}{c}{Diference in Scores}&\multicolumn{1}{c}{Intrinsic Motivation}&\multicolumn{1}{c}{Interest/Enjoyment}&\multicolumn{1}{c}{Perceived Choice}&\multicolumn{1}{c}{Pressure/Tension}&\multicolumn{1}{c}{Effort/Importance}&\multicolumn{1}{c}{Level of Motivation}&\multicolumn{1}{c}{Attention}&\multicolumn{1}{c}{Relevance}&\multicolumn{1}{c}{Satisfaction}\tabularnewline
\hline
\endfirsthead\caption[]{\em (continued)} \tabularnewline
\hline
\multicolumn{1}{l}{round}&\multicolumn{1}{c}{Diference in Scores}&\multicolumn{1}{c}{Intrinsic Motivation}&\multicolumn{1}{c}{Interest/Enjoyment}&\multicolumn{1}{c}{Perceived Choice}&\multicolumn{1}{c}{Pressure/Tension}&\multicolumn{1}{c}{Effort/Importance}&\multicolumn{1}{c}{Level of Motivation}&\multicolumn{1}{c}{Attention}&\multicolumn{1}{c}{Relevance}&\multicolumn{1}{c}{Satisfaction}\tabularnewline
\hline
\endhead
\hline
\multicolumn{11}{p{\linewidth}}{method:  spearman}\tabularnewline
\endfoot
\label{round}
Diference in Scores&$ 1.0000$&$ 0.4620$&$ 0.1748$&$ 0.6101$&$-0.3820$&$ 0.1971$&$0.1746$&$-0.1369$&$ 0.4548$&$-0.0332$\tabularnewline
Intrinsic Motivation&$ 0.4620$&$ 1.0000$&$ 0.3068$&$ 0.6902$&$-0.6298$&$ 0.4668$&$0.4447$&$-0.0641$&$ 0.6995$&$ 0.4374$\tabularnewline
Interest/Enjoyment&$ 0.1748$&$ 0.3068$&$ 1.0000$&$ 0.4257$&$ 0.2522$&$-0.0546$&$0.6819$&$ 0.4989$&$ 0.1278$&$ 0.5702$\tabularnewline
Perceived Choice&$ 0.6101$&$ 0.6902$&$ 0.4257$&$ 1.0000$&$-0.4081$&$-0.0055$&$0.6168$&$ 0.1803$&$ 0.5940$&$ 0.4257$\tabularnewline
Pressure/Tension&$-0.3820$&$-0.6298$&$ 0.2522$&$-0.4081$&$ 1.0000$&$-0.1233$&$0.0449$&$ 0.5147$&$-0.2194$&$-0.1071$\tabularnewline
Effort/Importance&$ 0.1971$&$ 0.4668$&$-0.0546$&$-0.0055$&$-0.1233$&$ 1.0000$&$0.2016$&$ 0.0623$&$ 0.4794$&$ 0.0557$\tabularnewline
Level of Motivation&$ 0.1746$&$ 0.4447$&$ 0.6819$&$ 0.6168$&$ 0.0449$&$ 0.2016$&$1.0000$&$ 0.7913$&$ 0.2919$&$ 0.8198$\tabularnewline
Attention&$-0.1369$&$-0.0641$&$ 0.4989$&$ 0.1803$&$ 0.5147$&$ 0.0623$&$0.7913$&$ 1.0000$&$-0.0798$&$ 0.6856$\tabularnewline
Relevance&$ 0.4548$&$ 0.6995$&$ 0.1278$&$ 0.5940$&$-0.2194$&$ 0.4794$&$0.2919$&$-0.0798$&$ 1.0000$&$ 0.0422$\tabularnewline
Satisfaction&$-0.0332$&$ 0.4374$&$ 0.5702$&$ 0.4257$&$-0.1071$&$ 0.0557$&$0.8198$&$ 0.6856$&$ 0.0422$&$ 1.0000$\tabularnewline
\hline
\end{longtable}}

%latex.default(round(p_mat, 4), caption = paste("Correlation matrix with p-values",     "of", mod$title, in_title), size = "scriptsize", longtable = T,     ctable = F, landscape = F, insert.bottom = paste("method: ",         mod$method), where = "!htbp", file = filename, append = T)%
\setlongtables{\scriptsize
\begin{longtable}{lrrrrrrrrrr}\caption{Correlation matrix with p-values of Diference in Scores and Motivation for the group Master between participants' motivation and learning outcomes in the third empirical study} \tabularnewline
\hline\hline
\multicolumn{1}{l}{round}&\multicolumn{1}{c}{Diference in Scores}&\multicolumn{1}{c}{Intrinsic Motivation}&\multicolumn{1}{c}{Interest/Enjoyment}&\multicolumn{1}{c}{Perceived Choice}&\multicolumn{1}{c}{Pressure/Tension}&\multicolumn{1}{c}{Effort/Importance}&\multicolumn{1}{c}{Level of Motivation}&\multicolumn{1}{c}{Attention}&\multicolumn{1}{c}{Relevance}&\multicolumn{1}{c}{Satisfaction}\tabularnewline
\hline
\endfirsthead\caption[]{\em (continued)} \tabularnewline
\hline
\multicolumn{1}{l}{round}&\multicolumn{1}{c}{Diference in Scores}&\multicolumn{1}{c}{Intrinsic Motivation}&\multicolumn{1}{c}{Interest/Enjoyment}&\multicolumn{1}{c}{Perceived Choice}&\multicolumn{1}{c}{Pressure/Tension}&\multicolumn{1}{c}{Effort/Importance}&\multicolumn{1}{c}{Level of Motivation}&\multicolumn{1}{c}{Attention}&\multicolumn{1}{c}{Relevance}&\multicolumn{1}{c}{Satisfaction}\tabularnewline
\hline
\endhead
\hline
\multicolumn{11}{p{\linewidth}}{method:  spearman}\tabularnewline
\endfoot
\label{round}
Diference in Scores&$0.0000$&$0.0962$&$0.5501$&$0.0205$&$0.1777$&$0.4994$&$0.5505$&$0.6408$&$0.1023$&$0.9103$\tabularnewline
Intrinsic Motivation&$0.0962$&$0.0000$&$0.2861$&$0.0063$&$0.0158$&$0.0925$&$0.1111$&$0.8277$&$0.0054$&$0.1178$\tabularnewline
Interest/Enjoyment&$0.5501$&$0.2861$&$0.0000$&$0.1291$&$0.3845$&$0.8529$&$0.0072$&$0.0694$&$0.6633$&$0.0333$\tabularnewline
Perceived Choice&$0.0205$&$0.0063$&$0.1291$&$0.0000$&$0.1475$&$0.9850$&$0.0188$&$0.5373$&$0.0251$&$0.1291$\tabularnewline
Pressure/Tension&$0.1777$&$0.0158$&$0.3845$&$0.1475$&$0.0000$&$0.6744$&$0.8790$&$0.0597$&$0.4510$&$0.7156$\tabularnewline
Effort/Importance&$0.4994$&$0.0925$&$0.8529$&$0.9850$&$0.6744$&$0.0000$&$0.4896$&$0.8325$&$0.0828$&$0.8499$\tabularnewline
Level of Motivation&$0.5505$&$0.1111$&$0.0072$&$0.0188$&$0.8790$&$0.4896$&$0.0000$&$0.0007$&$0.3112$&$0.0003$\tabularnewline
Attention&$0.6408$&$0.8277$&$0.0694$&$0.5373$&$0.0597$&$0.8325$&$0.0007$&$0.0000$&$0.7862$&$0.0068$\tabularnewline
Relevance&$0.1023$&$0.0054$&$0.6633$&$0.0251$&$0.4510$&$0.0828$&$0.3112$&$0.7862$&$0.0000$&$0.8860$\tabularnewline
Satisfaction&$0.9103$&$0.1178$&$0.0333$&$0.1291$&$0.7156$&$0.8499$&$0.0003$&$0.0068$&$0.8860$&$0.0000$\tabularnewline
\hline
\end{longtable}}

\section{Diference in Scores and Motivation for the group ont-gamified.Apprentice}

%latex.default(round(M, 4), caption = paste("Correlation matrix",     "of", mod$title, in_title), size = "scriptsize", longtable = T,     ctable = F, landscape = F, insert.bottom = paste("method: ",         mod$method), where = "!htbp", file = filename, append = T)%
\setlongtables{\scriptsize
\begin{longtable}{lrrrrrrrrrr}\caption{Correlation matrix of Diference in Scores and Motivation for the group ont-gamified.Apprentice between participants' motivation and learning outcomes in the third empirical study} \tabularnewline
\hline\hline
\multicolumn{1}{l}{round}&\multicolumn{1}{c}{Diference in Scores}&\multicolumn{1}{c}{Intrinsic Motivation}&\multicolumn{1}{c}{Interest/Enjoyment}&\multicolumn{1}{c}{Perceived Choice}&\multicolumn{1}{c}{Pressure/Tension}&\multicolumn{1}{c}{Effort/Importance}&\multicolumn{1}{c}{Level of Motivation}&\multicolumn{1}{c}{Attention}&\multicolumn{1}{c}{Relevance}&\multicolumn{1}{c}{Satisfaction}\tabularnewline
\hline
\endfirsthead\caption[]{\em (continued)} \tabularnewline
\hline
\multicolumn{1}{l}{round}&\multicolumn{1}{c}{Diference in Scores}&\multicolumn{1}{c}{Intrinsic Motivation}&\multicolumn{1}{c}{Interest/Enjoyment}&\multicolumn{1}{c}{Perceived Choice}&\multicolumn{1}{c}{Pressure/Tension}&\multicolumn{1}{c}{Effort/Importance}&\multicolumn{1}{c}{Level of Motivation}&\multicolumn{1}{c}{Attention}&\multicolumn{1}{c}{Relevance}&\multicolumn{1}{c}{Satisfaction}\tabularnewline
\hline
\endhead
\hline
\multicolumn{11}{p{\linewidth}}{method:  spearman}\tabularnewline
\endfoot
\label{round}
Diference in Scores&$ 1.0000$&$-0.1650$&$-0.0268$&$-0.1985$&$0.2804$&$ 0.1275$&$0.0970$&$0.1430$&$ 0.1040$&$0.2315$\tabularnewline
Intrinsic Motivation&$-0.1650$&$ 1.0000$&$ 0.4470$&$ 0.8124$&$0.2177$&$ 0.2856$&$0.4503$&$0.2643$&$ 0.5681$&$0.3731$\tabularnewline
Interest/Enjoyment&$-0.0268$&$ 0.4470$&$ 1.0000$&$ 0.2184$&$0.6604$&$ 0.0398$&$0.8993$&$0.9409$&$ 0.3011$&$0.8433$\tabularnewline
Perceived Choice&$-0.1985$&$ 0.8124$&$ 0.2184$&$ 1.0000$&$0.1406$&$-0.0505$&$0.3418$&$0.1071$&$ 0.5794$&$0.2511$\tabularnewline
Pressure/Tension&$ 0.2804$&$ 0.2177$&$ 0.6604$&$ 0.1406$&$1.0000$&$ 0.0865$&$0.7564$&$0.7083$&$ 0.5022$&$0.7497$\tabularnewline
Effort/Importance&$ 0.1275$&$ 0.2856$&$ 0.0398$&$-0.0505$&$0.0865$&$ 1.0000$&$0.0168$&$0.0325$&$-0.2061$&$0.1852$\tabularnewline
Level of Motivation&$ 0.0970$&$ 0.4503$&$ 0.8993$&$ 0.3418$&$0.7564$&$ 0.0168$&$1.0000$&$0.9492$&$ 0.5305$&$0.9369$\tabularnewline
Attention&$ 0.1430$&$ 0.2643$&$ 0.9409$&$ 0.1071$&$0.7083$&$ 0.0325$&$0.9492$&$1.0000$&$ 0.2879$&$0.9327$\tabularnewline
Relevance&$ 0.1040$&$ 0.5681$&$ 0.3011$&$ 0.5794$&$0.5022$&$-0.2061$&$0.5305$&$0.2879$&$ 1.0000$&$0.3330$\tabularnewline
Satisfaction&$ 0.2315$&$ 0.3731$&$ 0.8433$&$ 0.2511$&$0.7497$&$ 0.1852$&$0.9369$&$0.9327$&$ 0.3330$&$1.0000$\tabularnewline
\hline
\end{longtable}}

%latex.default(round(p_mat, 4), caption = paste("Correlation matrix with p-values",     "of", mod$title, in_title), size = "scriptsize", longtable = T,     ctable = F, landscape = F, insert.bottom = paste("method: ",         mod$method), where = "!htbp", file = filename, append = T)%
\setlongtables{\scriptsize
\begin{longtable}{lrrrrrrrrrr}\caption{Correlation matrix with p-values of Diference in Scores and Motivation for the group ont-gamified.Apprentice between participants' motivation and learning outcomes in the third empirical study} \tabularnewline
\hline\hline
\multicolumn{1}{l}{round}&\multicolumn{1}{c}{Diference in Scores}&\multicolumn{1}{c}{Intrinsic Motivation}&\multicolumn{1}{c}{Interest/Enjoyment}&\multicolumn{1}{c}{Perceived Choice}&\multicolumn{1}{c}{Pressure/Tension}&\multicolumn{1}{c}{Effort/Importance}&\multicolumn{1}{c}{Level of Motivation}&\multicolumn{1}{c}{Attention}&\multicolumn{1}{c}{Relevance}&\multicolumn{1}{c}{Satisfaction}\tabularnewline
\hline
\endfirsthead\caption[]{\em (continued)} \tabularnewline
\hline
\multicolumn{1}{l}{round}&\multicolumn{1}{c}{Diference in Scores}&\multicolumn{1}{c}{Intrinsic Motivation}&\multicolumn{1}{c}{Interest/Enjoyment}&\multicolumn{1}{c}{Perceived Choice}&\multicolumn{1}{c}{Pressure/Tension}&\multicolumn{1}{c}{Effort/Importance}&\multicolumn{1}{c}{Level of Motivation}&\multicolumn{1}{c}{Attention}&\multicolumn{1}{c}{Relevance}&\multicolumn{1}{c}{Satisfaction}\tabularnewline
\hline
\endhead
\hline
\multicolumn{11}{p{\linewidth}}{method:  spearman}\tabularnewline
\endfoot
\label{round}
Diference in Scores&$0.0000$&$0.5729$&$0.9276$&$0.4964$&$0.3316$&$0.6639$&$0.7414$&$0.6257$&$0.7235$&$0.4258$\tabularnewline
Intrinsic Motivation&$0.5729$&$0.0000$&$0.1091$&$0.0004$&$0.4547$&$0.3223$&$0.1061$&$0.3612$&$0.0340$&$0.1889$\tabularnewline
Interest/Enjoyment&$0.9276$&$0.1091$&$0.0000$&$0.4532$&$0.0102$&$0.8926$&$0.0000$&$0.0000$&$0.2955$&$0.0002$\tabularnewline
Perceived Choice&$0.4964$&$0.0004$&$0.4532$&$0.0000$&$0.6315$&$0.8638$&$0.2316$&$0.7156$&$0.0299$&$0.3865$\tabularnewline
Pressure/Tension&$0.3316$&$0.4547$&$0.0102$&$0.6315$&$0.0000$&$0.7687$&$0.0017$&$0.0046$&$0.0672$&$0.0020$\tabularnewline
Effort/Importance&$0.6639$&$0.3223$&$0.8926$&$0.8638$&$0.7687$&$0.0000$&$0.9544$&$0.9122$&$0.4796$&$0.5262$\tabularnewline
Level of Motivation&$0.7414$&$0.1061$&$0.0000$&$0.2316$&$0.0017$&$0.9544$&$0.0000$&$0.0000$&$0.0510$&$0.0000$\tabularnewline
Attention&$0.6257$&$0.3612$&$0.0000$&$0.7156$&$0.0046$&$0.9122$&$0.0000$&$0.0000$&$0.3182$&$0.0000$\tabularnewline
Relevance&$0.7235$&$0.0340$&$0.2955$&$0.0299$&$0.0672$&$0.4796$&$0.0510$&$0.3182$&$0.0000$&$0.2447$\tabularnewline
Satisfaction&$0.4258$&$0.1889$&$0.0002$&$0.3865$&$0.0020$&$0.5262$&$0.0000$&$0.0000$&$0.2447$&$0.0000$\tabularnewline
\hline
\end{longtable}}

\section{Diference in Scores and Motivation for the group ont-gamified.Master}

%latex.default(round(M, 4), caption = paste("Correlation matrix",     "of", mod$title, in_title), size = "scriptsize", longtable = T,     ctable = F, landscape = F, insert.bottom = paste("method: ",         mod$method), where = "!htbp", file = filename, append = T)%
\setlongtables{\scriptsize
\begin{longtable}{lrrrrrrrrrr}\caption{Correlation matrix of Diference in Scores and Motivation for the group ont-gamified.Master between participants' motivation and learning outcomes in the third empirical study} \tabularnewline
\hline\hline
\multicolumn{1}{l}{round}&\multicolumn{1}{c}{Diference in Scores}&\multicolumn{1}{c}{Intrinsic Motivation}&\multicolumn{1}{c}{Interest/Enjoyment}&\multicolumn{1}{c}{Perceived Choice}&\multicolumn{1}{c}{Pressure/Tension}&\multicolumn{1}{c}{Effort/Importance}&\multicolumn{1}{c}{Level of Motivation}&\multicolumn{1}{c}{Attention}&\multicolumn{1}{c}{Relevance}&\multicolumn{1}{c}{Satisfaction}\tabularnewline
\hline
\endfirsthead\caption[]{\em (continued)} \tabularnewline
\hline
\multicolumn{1}{l}{round}&\multicolumn{1}{c}{Diference in Scores}&\multicolumn{1}{c}{Intrinsic Motivation}&\multicolumn{1}{c}{Interest/Enjoyment}&\multicolumn{1}{c}{Perceived Choice}&\multicolumn{1}{c}{Pressure/Tension}&\multicolumn{1}{c}{Effort/Importance}&\multicolumn{1}{c}{Level of Motivation}&\multicolumn{1}{c}{Attention}&\multicolumn{1}{c}{Relevance}&\multicolumn{1}{c}{Satisfaction}\tabularnewline
\hline
\endhead
\hline
\multicolumn{11}{p{\linewidth}}{method:  spearman}\tabularnewline
\endfoot
\label{round}
Diference in Scores&$ 1.0000$&$ 0.7388$&$-0.1081$&$ 0.8571$&$-0.7783$&$ 0.6126$&$ 0.3929$&$-0.0180$&$ 0.7207$&$ 0.4144$\tabularnewline
Intrinsic Motivation&$ 0.7388$&$ 1.0000$&$ 0.0636$&$ 0.9370$&$-0.9723$&$ 0.8727$&$ 0.5586$&$-0.0818$&$ 0.7545$&$ 0.4364$\tabularnewline
Interest/Enjoyment&$-0.1081$&$ 0.0636$&$ 1.0000$&$-0.1622$&$ 0.0748$&$ 0.0636$&$ 0.4324$&$ 0.1273$&$-0.3455$&$ 0.4909$\tabularnewline
Perceived Choice&$ 0.8571$&$ 0.9370$&$-0.1622$&$ 1.0000$&$-0.9636$&$ 0.8469$&$ 0.4643$&$-0.0721$&$ 0.8829$&$ 0.3063$\tabularnewline
Pressure/Tension&$-0.7783$&$-0.9723$&$ 0.0748$&$-0.9636$&$ 1.0000$&$-0.8415$&$-0.4447$&$ 0.2057$&$-0.8602$&$-0.2805$\tabularnewline
Effort/Importance&$ 0.6126$&$ 0.8727$&$ 0.0636$&$ 0.8469$&$-0.8415$&$ 1.0000$&$ 0.8108$&$ 0.3000$&$ 0.5727$&$ 0.5636$\tabularnewline
Level of Motivation&$ 0.3929$&$ 0.5586$&$ 0.4324$&$ 0.4643$&$-0.4447$&$ 0.8108$&$ 1.0000$&$ 0.6847$&$ 0.0360$&$ 0.8829$\tabularnewline
Attention&$-0.0180$&$-0.0818$&$ 0.1273$&$-0.0721$&$ 0.2057$&$ 0.3000$&$ 0.6847$&$ 1.0000$&$-0.4545$&$ 0.6909$\tabularnewline
Relevance&$ 0.7207$&$ 0.7545$&$-0.3455$&$ 0.8829$&$-0.8602$&$ 0.5727$&$ 0.0360$&$-0.4545$&$ 1.0000$&$-0.1636$\tabularnewline
Satisfaction&$ 0.4144$&$ 0.4364$&$ 0.4909$&$ 0.3063$&$-0.2805$&$ 0.5636$&$ 0.8829$&$ 0.6909$&$-0.1636$&$ 1.0000$\tabularnewline
\hline
\end{longtable}}

%latex.default(round(p_mat, 4), caption = paste("Correlation matrix with p-values",     "of", mod$title, in_title), size = "scriptsize", longtable = T,     ctable = F, landscape = F, insert.bottom = paste("method: ",         mod$method), where = "!htbp", file = filename, append = T)%
\setlongtables{\scriptsize
\begin{longtable}{lrrrrrrrrrr}\caption{Correlation matrix with p-values of Diference in Scores and Motivation for the group ont-gamified.Master between participants' motivation and learning outcomes in the third empirical study} \tabularnewline
\hline\hline
\multicolumn{1}{l}{round}&\multicolumn{1}{c}{Diference in Scores}&\multicolumn{1}{c}{Intrinsic Motivation}&\multicolumn{1}{c}{Interest/Enjoyment}&\multicolumn{1}{c}{Perceived Choice}&\multicolumn{1}{c}{Pressure/Tension}&\multicolumn{1}{c}{Effort/Importance}&\multicolumn{1}{c}{Level of Motivation}&\multicolumn{1}{c}{Attention}&\multicolumn{1}{c}{Relevance}&\multicolumn{1}{c}{Satisfaction}\tabularnewline
\hline
\endfirsthead\caption[]{\em (continued)} \tabularnewline
\hline
\multicolumn{1}{l}{round}&\multicolumn{1}{c}{Diference in Scores}&\multicolumn{1}{c}{Intrinsic Motivation}&\multicolumn{1}{c}{Interest/Enjoyment}&\multicolumn{1}{c}{Perceived Choice}&\multicolumn{1}{c}{Pressure/Tension}&\multicolumn{1}{c}{Effort/Importance}&\multicolumn{1}{c}{Level of Motivation}&\multicolumn{1}{c}{Attention}&\multicolumn{1}{c}{Relevance}&\multicolumn{1}{c}{Satisfaction}\tabularnewline
\hline
\endhead
\hline
\multicolumn{11}{p{\linewidth}}{method:  spearman}\tabularnewline
\endfoot
\label{round}
Diference in Scores&$0.0000$&$0.0579$&$0.8175$&$0.0238$&$0.0393$&$0.1436$&$0.3956$&$0.9694$&$0.0676$&$0.3553$\tabularnewline
Intrinsic Motivation&$0.0579$&$0.0000$&$0.8922$&$0.0019$&$0.0002$&$0.0104$&$0.1925$&$0.8616$&$0.0500$&$0.3277$\tabularnewline
Interest/Enjoyment&$0.8175$&$0.8922$&$0.0000$&$0.7283$&$0.8734$&$0.8922$&$0.3325$&$0.7857$&$0.4479$&$0.2633$\tabularnewline
Perceived Choice&$0.0238$&$0.0019$&$0.7283$&$0.0000$&$0.0005$&$0.0162$&$0.3024$&$0.8780$&$0.0085$&$0.5040$\tabularnewline
Pressure/Tension&$0.0393$&$0.0002$&$0.8734$&$0.0005$&$0.0000$&$0.0176$&$0.3174$&$0.6582$&$0.0130$&$0.5423$\tabularnewline
Effort/Importance&$0.1436$&$0.0104$&$0.8922$&$0.0162$&$0.0176$&$0.0000$&$0.0269$&$0.5133$&$0.1790$&$0.1876$\tabularnewline
Level of Motivation&$0.3956$&$0.1925$&$0.3325$&$0.3024$&$0.3174$&$0.0269$&$0.0000$&$0.0897$&$0.9389$&$0.0085$\tabularnewline
