
\documentclass[6pt,a4paper]{article}
\usepackage[a4paper,margin=0.54cm]{geometry}
\usepackage{longtable}
\usepackage{rotating}
\usepackage{pdflscape}
\usepackage{ctable}
\title{Summary of correlation analysis between motivation factors and in the third empirical study }
\begin{document}

\maketitle


\section{Gains in Skill/Knowledge and Motivation}

%latex.default(round(M, 4), caption = paste("Correlation matrix",     "of", mod$title, in_title), size = "scriptsize", longtable = T,     ctable = F, landscape = F, insert.bottom = paste("method: ",         mod$method), where = "!htbp", file = filename, append = T)%
\setlongtables{\scriptsize
\begin{longtable}{lrrrrrrrrrr}\caption{Correlation matrix of Gains in Skill/Knowledge and Motivation between motivation factors and in the third empirical study} \tabularnewline
\hline\hline
\multicolumn{1}{l}{round}&\multicolumn{1}{c}{Gains in Skill/Knowledge}&\multicolumn{1}{c}{Intrinsic Motivation}&\multicolumn{1}{c}{Interest/Enjoyment}&\multicolumn{1}{c}{Perceived Choice}&\multicolumn{1}{c}{Pressure/Tension}&\multicolumn{1}{c}{Effort/Importance}&\multicolumn{1}{c}{Level of Motivation}&\multicolumn{1}{c}{Attention}&\multicolumn{1}{c}{Relevance}&\multicolumn{1}{c}{Satisfaction}\tabularnewline
\hline
\endfirsthead\caption[]{\em (continued)} \tabularnewline
\hline
\multicolumn{1}{l}{round}&\multicolumn{1}{c}{Gains in Skill/Knowledge}&\multicolumn{1}{c}{Intrinsic Motivation}&\multicolumn{1}{c}{Interest/Enjoyment}&\multicolumn{1}{c}{Perceived Choice}&\multicolumn{1}{c}{Pressure/Tension}&\multicolumn{1}{c}{Effort/Importance}&\multicolumn{1}{c}{Level of Motivation}&\multicolumn{1}{c}{Attention}&\multicolumn{1}{c}{Relevance}&\multicolumn{1}{c}{Satisfaction}\tabularnewline
\hline
\endhead
\hline
\multicolumn{11}{p{\linewidth}}{method:  spearman}\tabularnewline
\endfoot
\label{round}
Gains in Skill/Knowledge&$ 1.0000$&$-0.0268$&$-0.2039$&$ 0.0804$&$ 0.1106$&$ 0.2534$&$-0.0217$&$-0.1304$&$ 0.0895$&$0.1029$\tabularnewline
Intrinsic Motivation&$-0.0268$&$ 1.0000$&$ 0.5078$&$ 0.7129$&$-0.2682$&$ 0.3152$&$ 0.5305$&$ 0.2813$&$ 0.5922$&$0.4949$\tabularnewline
Interest/Enjoyment&$-0.2039$&$ 0.5078$&$ 1.0000$&$ 0.1497$&$ 0.2556$&$-0.1697$&$ 0.6976$&$ 0.7137$&$ 0.1651$&$0.5324$\tabularnewline
Perceived Choice&$ 0.0804$&$ 0.7129$&$ 0.1497$&$ 1.0000$&$-0.1260$&$ 0.0913$&$ 0.2474$&$ 0.0326$&$ 0.4547$&$0.2405$\tabularnewline
Pressure/Tension&$ 0.1106$&$-0.2682$&$ 0.2556$&$-0.1260$&$ 1.0000$&$-0.0574$&$ 0.3150$&$ 0.4008$&$-0.1621$&$0.3502$\tabularnewline
Effort/Importance&$ 0.2534$&$ 0.3152$&$-0.1697$&$ 0.0913$&$-0.0574$&$ 1.0000$&$ 0.1899$&$-0.0416$&$ 0.2421$&$0.3528$\tabularnewline
Level of Motivation&$-0.0217$&$ 0.5305$&$ 0.6976$&$ 0.2474$&$ 0.3150$&$ 0.1899$&$ 1.0000$&$ 0.9128$&$ 0.3751$&$0.8159$\tabularnewline
Attention&$-0.1304$&$ 0.2813$&$ 0.7137$&$ 0.0326$&$ 0.4008$&$-0.0416$&$ 0.9128$&$ 1.0000$&$ 0.1791$&$0.6403$\tabularnewline
Relevance&$ 0.0895$&$ 0.5922$&$ 0.1651$&$ 0.4547$&$-0.1621$&$ 0.2421$&$ 0.3751$&$ 0.1791$&$ 1.0000$&$0.2226$\tabularnewline
Satisfaction&$ 0.1029$&$ 0.4949$&$ 0.5324$&$ 0.2405$&$ 0.3502$&$ 0.3528$&$ 0.8159$&$ 0.6403$&$ 0.2226$&$1.0000$\tabularnewline
\hline
\end{longtable}}

%latex.default(round(p_mat, 4), caption = paste("Correlation matrix with p-values",     "of", mod$title, in_title), size = "scriptsize", longtable = T,     ctable = F, landscape = F, insert.bottom = paste("method: ",         mod$method), where = "!htbp", file = filename, append = T)%
\setlongtables{\scriptsize
\begin{longtable}{lrrrrrrrrrr}\caption{Correlation matrix with p-values of Gains in Skill/Knowledge and Motivation between motivation factors and in the third empirical study} \tabularnewline
\hline\hline
\multicolumn{1}{l}{round}&\multicolumn{1}{c}{Gains in Skill/Knowledge}&\multicolumn{1}{c}{Intrinsic Motivation}&\multicolumn{1}{c}{Interest/Enjoyment}&\multicolumn{1}{c}{Perceived Choice}&\multicolumn{1}{c}{Pressure/Tension}&\multicolumn{1}{c}{Effort/Importance}&\multicolumn{1}{c}{Level of Motivation}&\multicolumn{1}{c}{Attention}&\multicolumn{1}{c}{Relevance}&\multicolumn{1}{c}{Satisfaction}\tabularnewline
\hline
\endfirsthead\caption[]{\em (continued)} \tabularnewline
\hline
\multicolumn{1}{l}{round}&\multicolumn{1}{c}{Gains in Skill/Knowledge}&\multicolumn{1}{c}{Intrinsic Motivation}&\multicolumn{1}{c}{Interest/Enjoyment}&\multicolumn{1}{c}{Perceived Choice}&\multicolumn{1}{c}{Pressure/Tension}&\multicolumn{1}{c}{Effort/Importance}&\multicolumn{1}{c}{Level of Motivation}&\multicolumn{1}{c}{Attention}&\multicolumn{1}{c}{Relevance}&\multicolumn{1}{c}{Satisfaction}\tabularnewline
\hline
\endhead
\hline
\multicolumn{11}{p{\linewidth}}{method:  spearman}\tabularnewline
\endfoot
\label{round}
Gains in Skill/Knowledge&$0.0000$&$0.8730$&$0.2195$&$0.6313$&$0.5084$&$0.1248$&$0.8972$&$0.4351$&$0.5930$&$0.5385$\tabularnewline
Intrinsic Motivation&$0.8730$&$0.0000$&$0.0011$&$0.0000$&$0.1036$&$0.0539$&$0.0006$&$0.0871$&$0.0001$&$0.0016$\tabularnewline
Interest/Enjoyment&$0.2195$&$0.0011$&$0.0000$&$0.3698$&$0.1215$&$0.3083$&$0.0000$&$0.0000$&$0.3220$&$0.0006$\tabularnewline
Perceived Choice&$0.6313$&$0.0000$&$0.3698$&$0.0000$&$0.4511$&$0.5854$&$0.1342$&$0.8457$&$0.0041$&$0.1458$\tabularnewline
Pressure/Tension&$0.5084$&$0.1036$&$0.1215$&$0.4511$&$0.0000$&$0.7321$&$0.0541$&$0.0126$&$0.3310$&$0.0311$\tabularnewline
Effort/Importance&$0.1248$&$0.0539$&$0.3083$&$0.5854$&$0.7321$&$0.0000$&$0.2536$&$0.8041$&$0.1432$&$0.0298$\tabularnewline
Level of Motivation&$0.8972$&$0.0006$&$0.0000$&$0.1342$&$0.0541$&$0.2536$&$0.0000$&$0.0000$&$0.0203$&$0.0000$\tabularnewline
Attention&$0.4351$&$0.0871$&$0.0000$&$0.8457$&$0.0126$&$0.8041$&$0.0000$&$0.0000$&$0.2821$&$0.0000$\tabularnewline
Relevance&$0.5930$&$0.0001$&$0.3220$&$0.0041$&$0.3310$&$0.1432$&$0.0203$&$0.2821$&$0.0000$&$0.1792$\tabularnewline
Satisfaction&$0.5385$&$0.0016$&$0.0006$&$0.1458$&$0.0311$&$0.0298$&$0.0000$&$0.0000$&$0.1792$&$0.0000$\tabularnewline
\hline
\end{longtable}}

\section{Gains in Skill/Knowledge and Motivation for the group ont-gamified}

%latex.default(round(M, 4), caption = paste("Correlation matrix",     "of", mod$title, in_title), size = "scriptsize", longtable = T,     ctable = F, landscape = F, insert.bottom = paste("method: ",         mod$method), where = "!htbp", file = filename, append = T)%
\setlongtables{\scriptsize
\begin{longtable}{lrrrrrrrrrr}\caption{Correlation matrix of Gains in Skill/Knowledge and Motivation for the group ont-gamified between motivation factors and in the third empirical study} \tabularnewline
\hline\hline
\multicolumn{1}{l}{round}&\multicolumn{1}{c}{Gains in Skill/Knowledge}&\multicolumn{1}{c}{Intrinsic Motivation}&\multicolumn{1}{c}{Interest/Enjoyment}&\multicolumn{1}{c}{Perceived Choice}&\multicolumn{1}{c}{Pressure/Tension}&\multicolumn{1}{c}{Effort/Importance}&\multicolumn{1}{c}{Level of Motivation}&\multicolumn{1}{c}{Attention}&\multicolumn{1}{c}{Relevance}&\multicolumn{1}{c}{Satisfaction}\tabularnewline
\hline
\endfirsthead\caption[]{\em (continued)} \tabularnewline
\hline
\multicolumn{1}{l}{round}&\multicolumn{1}{c}{Gains in Skill/Knowledge}&\multicolumn{1}{c}{Intrinsic Motivation}&\multicolumn{1}{c}{Interest/Enjoyment}&\multicolumn{1}{c}{Perceived Choice}&\multicolumn{1}{c}{Pressure/Tension}&\multicolumn{1}{c}{Effort/Importance}&\multicolumn{1}{c}{Level of Motivation}&\multicolumn{1}{c}{Attention}&\multicolumn{1}{c}{Relevance}&\multicolumn{1}{c}{Satisfaction}\tabularnewline
\hline
\endhead
\hline
\multicolumn{11}{p{\linewidth}}{method:  spearman}\tabularnewline
\endfoot
\label{round}
Gains in Skill/Knowledge&$ 1.0000$&$-0.0519$&$-0.2286$&$-0.0169$&$ 0.0253$&$ 0.2093$&$-0.0309$&$-0.0911$&$ 0.0057$&$0.1789$\tabularnewline
Intrinsic Motivation&$-0.0519$&$ 1.0000$&$ 0.5509$&$ 0.7843$&$-0.0739$&$ 0.1940$&$ 0.5303$&$ 0.3777$&$ 0.6890$&$0.4179$\tabularnewline
Interest/Enjoyment&$-0.2286$&$ 0.5509$&$ 1.0000$&$ 0.1496$&$ 0.3154$&$-0.2110$&$ 0.8134$&$ 0.8406$&$ 0.2951$&$0.6218$\tabularnewline
Perceived Choice&$-0.0169$&$ 0.7843$&$ 0.1496$&$ 1.0000$&$-0.2072$&$ 0.0522$&$ 0.1879$&$ 0.0275$&$ 0.6438$&$0.1474$\tabularnewline
Pressure/Tension&$ 0.0253$&$-0.0739$&$ 0.3154$&$-0.2072$&$ 1.0000$&$ 0.0088$&$ 0.5504$&$ 0.5536$&$-0.0715$&$0.6035$\tabularnewline
Effort/Importance&$ 0.2093$&$ 0.1940$&$-0.2110$&$ 0.0522$&$ 0.0088$&$ 1.0000$&$ 0.0925$&$-0.0773$&$-0.2079$&$0.3090$\tabularnewline
Level of Motivation&$-0.0309$&$ 0.5303$&$ 0.8134$&$ 0.1879$&$ 0.5504$&$ 0.0925$&$ 1.0000$&$ 0.9575$&$ 0.2768$&$0.8787$\tabularnewline
Attention&$-0.0911$&$ 0.3777$&$ 0.8406$&$ 0.0275$&$ 0.5536$&$-0.0773$&$ 0.9575$&$ 1.0000$&$ 0.1554$&$0.7811$\tabularnewline
Relevance&$ 0.0057$&$ 0.6890$&$ 0.2951$&$ 0.6438$&$-0.0715$&$-0.2079$&$ 0.2768$&$ 0.1554$&$ 1.0000$&$0.0521$\tabularnewline
Satisfaction&$ 0.1789$&$ 0.4179$&$ 0.6218$&$ 0.1474$&$ 0.6035$&$ 0.3090$&$ 0.8787$&$ 0.7811$&$ 0.0521$&$1.0000$\tabularnewline
\hline
\end{longtable}}

%latex.default(round(p_mat, 4), caption = paste("Correlation matrix with p-values",     "of", mod$title, in_title), size = "scriptsize", longtable = T,     ctable = F, landscape = F, insert.bottom = paste("method: ",         mod$method), where = "!htbp", file = filename, append = T)%
\setlongtables{\scriptsize
\begin{longtable}{lrrrrrrrrrr}\caption{Correlation matrix with p-values of Gains in Skill/Knowledge and Motivation for the group ont-gamified between motivation factors and in the third empirical study} \tabularnewline
\hline\hline
\multicolumn{1}{l}{round}&\multicolumn{1}{c}{Gains in Skill/Knowledge}&\multicolumn{1}{c}{Intrinsic Motivation}&\multicolumn{1}{c}{Interest/Enjoyment}&\multicolumn{1}{c}{Perceived Choice}&\multicolumn{1}{c}{Pressure/Tension}&\multicolumn{1}{c}{Effort/Importance}&\multicolumn{1}{c}{Level of Motivation}&\multicolumn{1}{c}{Attention}&\multicolumn{1}{c}{Relevance}&\multicolumn{1}{c}{Satisfaction}\tabularnewline
\hline
\endfirsthead\caption[]{\em (continued)} \tabularnewline
\hline
\multicolumn{1}{l}{round}&\multicolumn{1}{c}{Gains in Skill/Knowledge}&\multicolumn{1}{c}{Intrinsic Motivation}&\multicolumn{1}{c}{Interest/Enjoyment}&\multicolumn{1}{c}{Perceived Choice}&\multicolumn{1}{c}{Pressure/Tension}&\multicolumn{1}{c}{Effort/Importance}&\multicolumn{1}{c}{Level of Motivation}&\multicolumn{1}{c}{Attention}&\multicolumn{1}{c}{Relevance}&\multicolumn{1}{c}{Satisfaction}\tabularnewline
\hline
\endhead
\hline
\multicolumn{11}{p{\linewidth}}{method:  spearman}\tabularnewline
\endfoot
\label{round}
Gains in Skill/Knowledge&$0.0000$&$0.8280$&$0.3323$&$0.9435$&$0.9158$&$0.3758$&$0.8973$&$0.7025$&$0.9811$&$0.4504$\tabularnewline
Intrinsic Motivation&$0.8280$&$0.0000$&$0.0118$&$0.0000$&$0.7568$&$0.4125$&$0.0162$&$0.1006$&$0.0008$&$0.0667$\tabularnewline
Interest/Enjoyment&$0.3323$&$0.0118$&$0.0000$&$0.5289$&$0.1756$&$0.3720$&$0.0000$&$0.0000$&$0.2065$&$0.0034$\tabularnewline
Perceived Choice&$0.9435$&$0.0000$&$0.5289$&$0.0000$&$0.3806$&$0.8271$&$0.4277$&$0.9084$&$0.0022$&$0.5352$\tabularnewline
Pressure/Tension&$0.9158$&$0.7568$&$0.1756$&$0.3806$&$0.0000$&$0.9707$&$0.0119$&$0.0113$&$0.7647$&$0.0048$\tabularnewline
Effort/Importance&$0.3758$&$0.4125$&$0.3720$&$0.8271$&$0.9707$&$0.0000$&$0.6982$&$0.7461$&$0.3792$&$0.1850$\tabularnewline
Level of Motivation&$0.8973$&$0.0162$&$0.0000$&$0.4277$&$0.0119$&$0.6982$&$0.0000$&$0.0000$&$0.2375$&$0.0000$\tabularnewline
Attention&$0.7025$&$0.1006$&$0.0000$&$0.9084$&$0.0113$&$0.7461$&$0.0000$&$0.0000$&$0.5129$&$0.0000$\tabularnewline
Relevance&$0.9811$&$0.0008$&$0.2065$&$0.0022$&$0.7647$&$0.3792$&$0.2375$&$0.5129$&$0.0000$&$0.8273$\tabularnewline
Satisfaction&$0.4504$&$0.0667$&$0.0034$&$0.5352$&$0.0048$&$0.1850$&$0.0000$&$0.0000$&$0.8273$&$0.0000$\tabularnewline
\hline
\end{longtable}}

\section{Gains in Skill/Knowledge and Motivation for the group w/o-gamified}

%latex.default(round(M, 4), caption = paste("Correlation matrix",     "of", mod$title, in_title), size = "scriptsize", longtable = T,     ctable = F, landscape = F, insert.bottom = paste("method: ",         mod$method), where = "!htbp", file = filename, append = T)%
\setlongtables{\scriptsize
\begin{longtable}{lrrrrrrrrrr}\caption{Correlation matrix of Gains in Skill/Knowledge and Motivation for the group w/o-gamified between motivation factors and in the third empirical study} \tabularnewline
\hline\hline
\multicolumn{1}{l}{round}&\multicolumn{1}{c}{Gains in Skill/Knowledge}&\multicolumn{1}{c}{Intrinsic Motivation}&\multicolumn{1}{c}{Interest/Enjoyment}&\multicolumn{1}{c}{Perceived Choice}&\multicolumn{1}{c}{Pressure/Tension}&\multicolumn{1}{c}{Effort/Importance}&\multicolumn{1}{c}{Level of Motivation}&\multicolumn{1}{c}{Attention}&\multicolumn{1}{c}{Relevance}&\multicolumn{1}{c}{Satisfaction}\tabularnewline
\hline
\endfirsthead\caption[]{\em (continued)} \tabularnewline
\hline
\multicolumn{1}{l}{round}&\multicolumn{1}{c}{Gains in Skill/Knowledge}&\multicolumn{1}{c}{Intrinsic Motivation}&\multicolumn{1}{c}{Interest/Enjoyment}&\multicolumn{1}{c}{Perceived Choice}&\multicolumn{1}{c}{Pressure/Tension}&\multicolumn{1}{c}{Effort/Importance}&\multicolumn{1}{c}{Level of Motivation}&\multicolumn{1}{c}{Attention}&\multicolumn{1}{c}{Relevance}&\multicolumn{1}{c}{Satisfaction}\tabularnewline
\hline
\endhead
\hline
\multicolumn{11}{p{\linewidth}}{method:  spearman}\tabularnewline
\endfoot
\label{round}
Gains in Skill/Knowledge&$ 1.0000$&$-0.0155$&$-0.2437$&$ 0.1507$&$ 0.1529$&$-0.0073$&$-0.0497$&$-0.0891$&$ 0.1152$&$-0.0789$\tabularnewline
Intrinsic Motivation&$-0.0155$&$ 1.0000$&$ 0.4000$&$ 0.6518$&$-0.4447$&$ 0.4098$&$ 0.4465$&$ 0.1315$&$ 0.4946$&$ 0.5018$\tabularnewline
Interest/Enjoyment&$-0.2437$&$ 0.4000$&$ 1.0000$&$ 0.1119$&$ 0.2815$&$ 0.0348$&$ 0.5088$&$ 0.5283$&$-0.0662$&$ 0.4029$\tabularnewline
Perceived Choice&$ 0.1507$&$ 0.6518$&$ 0.1119$&$ 1.0000$&$-0.0427$&$-0.0489$&$ 0.3078$&$ 0.1173$&$ 0.2041$&$ 0.2651$\tabularnewline
Pressure/Tension&$ 0.1529$&$-0.4447$&$ 0.2815$&$-0.0427$&$ 1.0000$&$-0.1765$&$ 0.1316$&$ 0.3768$&$-0.2925$&$ 0.0303$\tabularnewline
Effort/Importance&$-0.0073$&$ 0.4098$&$ 0.0348$&$-0.0489$&$-0.1765$&$ 1.0000$&$ 0.4530$&$ 0.2830$&$ 0.6107$&$ 0.4898$\tabularnewline
Level of Motivation&$-0.0497$&$ 0.4465$&$ 0.5088$&$ 0.3078$&$ 0.1316$&$ 0.4530$&$ 1.0000$&$ 0.8735$&$ 0.4906$&$ 0.7077$\tabularnewline
Attention&$-0.0891$&$ 0.1315$&$ 0.5283$&$ 0.1173$&$ 0.3768$&$ 0.2830$&$ 0.8735$&$ 1.0000$&$ 0.2642$&$ 0.4405$\tabularnewline
Relevance&$ 0.1152$&$ 0.4946$&$-0.0662$&$ 0.2041$&$-0.2925$&$ 0.6107$&$ 0.4906$&$ 0.2642$&$ 1.0000$&$ 0.4200$\tabularnewline
Satisfaction&$-0.0789$&$ 0.5018$&$ 0.4029$&$ 0.2651$&$ 0.0303$&$ 0.4898$&$ 0.7077$&$ 0.4405$&$ 0.4200$&$ 1.0000$\tabularnewline
\hline
\end{longtable}}

%latex.default(round(p_mat, 4), caption = paste("Correlation matrix with p-values",     "of", mod$title, in_title), size = "scriptsize", longtable = T,     ctable = F, landscape = F, insert.bottom = paste("method: ",         mod$method), where = "!htbp", file = filename, append = T)%
\setlongtables{\scriptsize
\begin{longtable}{lrrrrrrrrrr}\caption{Correlation matrix with p-values of Gains in Skill/Knowledge and Motivation for the group w/o-gamified between motivation factors and in the third empirical study} \tabularnewline
\hline\hline
\multicolumn{1}{l}{round}&\multicolumn{1}{c}{Gains in Skill/Knowledge}&\multicolumn{1}{c}{Intrinsic Motivation}&\multicolumn{1}{c}{Interest/Enjoyment}&\multicolumn{1}{c}{Perceived Choice}&\multicolumn{1}{c}{Pressure/Tension}&\multicolumn{1}{c}{Effort/Importance}&\multicolumn{1}{c}{Level of Motivation}&\multicolumn{1}{c}{Attention}&\multicolumn{1}{c}{Relevance}&\multicolumn{1}{c}{Satisfaction}\tabularnewline
\hline
\endfirsthead\caption[]{\em (continued)} \tabularnewline
\hline
\multicolumn{1}{l}{round}&\multicolumn{1}{c}{Gains in Skill/Knowledge}&\multicolumn{1}{c}{Intrinsic Motivation}&\multicolumn{1}{c}{Interest/Enjoyment}&\multicolumn{1}{c}{Perceived Choice}&\multicolumn{1}{c}{Pressure/Tension}&\multicolumn{1}{c}{Effort/Importance}&\multicolumn{1}{c}{Level of Motivation}&\multicolumn{1}{c}{Attention}&\multicolumn{1}{c}{Relevance}&\multicolumn{1}{c}{Satisfaction}\tabularnewline
\hline
\endhead
\hline
\multicolumn{11}{p{\linewidth}}{method:  spearman}\tabularnewline
\endfoot
\label{round}
Gains in Skill/Knowledge&$0.0000$&$0.9513$&$0.3299$&$0.5506$&$0.5447$&$0.9772$&$0.8448$&$0.7251$&$0.6491$&$0.7557$\tabularnewline
Intrinsic Motivation&$0.9513$&$0.0000$&$0.1000$&$0.0034$&$0.0645$&$0.0913$&$0.0632$&$0.6031$&$0.0369$&$0.0338$\tabularnewline
Interest/Enjoyment&$0.3299$&$0.1000$&$0.0000$&$0.6584$&$0.2578$&$0.8909$&$0.0311$&$0.0242$&$0.7941$&$0.0974$\tabularnewline
Perceived Choice&$0.5506$&$0.0034$&$0.6584$&$0.0000$&$0.8664$&$0.8473$&$0.2141$&$0.6430$&$0.4166$&$0.2878$\tabularnewline
Pressure/Tension&$0.5447$&$0.0645$&$0.2578$&$0.8664$&$0.0000$&$0.4836$&$0.6026$&$0.1233$&$0.2389$&$0.9051$\tabularnewline
Effort/Importance&$0.9772$&$0.0913$&$0.8909$&$0.8473$&$0.4836$&$0.0000$&$0.0591$&$0.2551$&$0.0071$&$0.0391$\tabularnewline
Level of Motivation&$0.8448$&$0.0632$&$0.0311$&$0.2141$&$0.6026$&$0.0591$&$0.0000$&$0.0000$&$0.0387$&$0.0010$\tabularnewline
Attention&$0.7251$&$0.6031$&$0.0242$&$0.6430$&$0.1233$&$0.2551$&$0.0000$&$0.0000$&$0.2894$&$0.0673$\tabularnewline
Relevance&$0.6491$&$0.0369$&$0.7941$&$0.4166$&$0.2389$&$0.0071$&$0.0387$&$0.2894$&$0.0000$&$0.0827$\tabularnewline
Satisfaction&$0.7557$&$0.0338$&$0.0974$&$0.2878$&$0.9051$&$0.0391$&$0.0010$&$0.0673$&$0.0827$&$0.0000$\tabularnewline
\hline
\end{longtable}}

\section{Gains in Skill/Knowledge and Motivation for the group Apprentice}

%latex.default(round(M, 4), caption = paste("Correlation matrix",     "of", mod$title, in_title), size = "scriptsize", longtable = T,     ctable = F, landscape = F, insert.bottom = paste("method: ",         mod$method), where = "!htbp", file = filename, append = T)%
\setlongtables{\scriptsize
\begin{longtable}{lrrrrrrrrrr}\caption{Correlation matrix of Gains in Skill/Knowledge and Motivation for the group Apprentice between motivation factors and in the third empirical study} \tabularnewline
\hline\hline
\multicolumn{1}{l}{round}&\multicolumn{1}{c}{Gains in Skill/Knowledge}&\multicolumn{1}{c}{Intrinsic Motivation}&\multicolumn{1}{c}{Interest/Enjoyment}&\multicolumn{1}{c}{Perceived Choice}&\multicolumn{1}{c}{Pressure/Tension}&\multicolumn{1}{c}{Effort/Importance}&\multicolumn{1}{c}{Level of Motivation}&\multicolumn{1}{c}{Attention}&\multicolumn{1}{c}{Relevance}&\multicolumn{1}{c}{Satisfaction}\tabularnewline
\hline
\endfirsthead\caption[]{\em (continued)} \tabularnewline
\hline
\multicolumn{1}{l}{round}&\multicolumn{1}{c}{Gains in Skill/Knowledge}&\multicolumn{1}{c}{Intrinsic Motivation}&\multicolumn{1}{c}{Interest/Enjoyment}&\multicolumn{1}{c}{Perceived Choice}&\multicolumn{1}{c}{Pressure/Tension}&\multicolumn{1}{c}{Effort/Importance}&\multicolumn{1}{c}{Level of Motivation}&\multicolumn{1}{c}{Attention}&\multicolumn{1}{c}{Relevance}&\multicolumn{1}{c}{Satisfaction}\tabularnewline
\hline
\endhead
\hline
\multicolumn{11}{p{\linewidth}}{method:  spearman}\tabularnewline
\endfoot
\label{round}
Gains in Skill/Knowledge&$ 1.0000$&$-0.1809$&$-0.2540$&$-0.1308$&$ 0.2112$&$ 0.1097$&$-0.0166$&$-0.0570$&$-0.0185$&$0.1012$\tabularnewline
Intrinsic Motivation&$-0.1809$&$ 1.0000$&$ 0.5435$&$ 0.6597$&$-0.1370$&$ 0.3033$&$ 0.6215$&$ 0.3963$&$ 0.5590$&$0.6120$\tabularnewline
Interest/Enjoyment&$-0.2540$&$ 0.5435$&$ 1.0000$&$ 0.0122$&$ 0.2728$&$-0.1747$&$ 0.7084$&$ 0.7508$&$ 0.1332$&$0.5688$\tabularnewline
Perceived Choice&$-0.1308$&$ 0.6597$&$ 0.0122$&$ 1.0000$&$-0.0982$&$ 0.0763$&$ 0.1930$&$-0.0053$&$ 0.4063$&$0.2274$\tabularnewline
Pressure/Tension&$ 0.2112$&$-0.1370$&$ 0.2728$&$-0.0982$&$ 1.0000$&$-0.0355$&$ 0.2973$&$ 0.3435$&$-0.0323$&$0.3996$\tabularnewline
Effort/Importance&$ 0.1097$&$ 0.3033$&$-0.1747$&$ 0.0763$&$-0.0355$&$ 1.0000$&$ 0.2293$&$-0.0036$&$ 0.1666$&$0.3998$\tabularnewline
Level of Motivation&$-0.0166$&$ 0.6215$&$ 0.7084$&$ 0.1930$&$ 0.2973$&$ 0.2293$&$ 1.0000$&$ 0.9119$&$ 0.4772$&$0.8454$\tabularnewline
Attention&$-0.0570$&$ 0.3963$&$ 0.7508$&$-0.0053$&$ 0.3435$&$-0.0036$&$ 0.9119$&$ 1.0000$&$ 0.3058$&$0.6428$\tabularnewline
Relevance&$-0.0185$&$ 0.5590$&$ 0.1332$&$ 0.4063$&$-0.0323$&$ 0.1666$&$ 0.4772$&$ 0.3058$&$ 1.0000$&$0.3589$\tabularnewline
Satisfaction&$ 0.1012$&$ 0.6120$&$ 0.5688$&$ 0.2274$&$ 0.3996$&$ 0.3998$&$ 0.8454$&$ 0.6428$&$ 0.3589$&$1.0000$\tabularnewline
\hline
\end{longtable}}

%latex.default(round(p_mat, 4), caption = paste("Correlation matrix with p-values",     "of", mod$title, in_title), size = "scriptsize", longtable = T,     ctable = F, landscape = F, insert.bottom = paste("method: ",         mod$method), where = "!htbp", file = filename, append = T)%
\setlongtables{\scriptsize
\begin{longtable}{lrrrrrrrrrr}\caption{Correlation matrix with p-values of Gains in Skill/Knowledge and Motivation for the group Apprentice between motivation factors and in the third empirical study} \tabularnewline
\hline\hline
\multicolumn{1}{l}{round}&\multicolumn{1}{c}{Gains in Skill/Knowledge}&\multicolumn{1}{c}{Intrinsic Motivation}&\multicolumn{1}{c}{Interest/Enjoyment}&\multicolumn{1}{c}{Perceived Choice}&\multicolumn{1}{c}{Pressure/Tension}&\multicolumn{1}{c}{Effort/Importance}&\multicolumn{1}{c}{Level of Motivation}&\multicolumn{1}{c}{Attention}&\multicolumn{1}{c}{Relevance}&\multicolumn{1}{c}{Satisfaction}\tabularnewline
\hline
\endfirsthead\caption[]{\em (continued)} \tabularnewline
\hline
\multicolumn{1}{l}{round}&\multicolumn{1}{c}{Gains in Skill/Knowledge}&\multicolumn{1}{c}{Intrinsic Motivation}&\multicolumn{1}{c}{Interest/Enjoyment}&\multicolumn{1}{c}{Perceived Choice}&\multicolumn{1}{c}{Pressure/Tension}&\multicolumn{1}{c}{Effort/Importance}&\multicolumn{1}{c}{Level of Motivation}&\multicolumn{1}{c}{Attention}&\multicolumn{1}{c}{Relevance}&\multicolumn{1}{c}{Satisfaction}\tabularnewline
\hline
\endhead
\hline
\multicolumn{11}{p{\linewidth}}{method:  spearman}\tabularnewline
\endfoot
\label{round}
Gains in Skill/Knowledge&$0.0000$&$0.3764$&$0.2106$&$0.5243$&$0.3003$&$0.5938$&$0.9358$&$0.7819$&$0.9284$&$0.6227$\tabularnewline
Intrinsic Motivation&$0.3764$&$0.0000$&$0.0041$&$0.0002$&$0.5045$&$0.1320$&$0.0007$&$0.0450$&$0.0030$&$0.0009$\tabularnewline
Interest/Enjoyment&$0.2106$&$0.0041$&$0.0000$&$0.9529$&$0.1776$&$0.3934$&$0.0001$&$0.0000$&$0.5166$&$0.0024$\tabularnewline
Perceived Choice&$0.5243$&$0.0002$&$0.9529$&$0.0000$&$0.6331$&$0.7110$&$0.3448$&$0.9794$&$0.0394$&$0.2639$\tabularnewline
Pressure/Tension&$0.3003$&$0.5045$&$0.1776$&$0.6331$&$0.0000$&$0.8632$&$0.1403$&$0.0858$&$0.8755$&$0.0432$\tabularnewline
Effort/Importance&$0.5938$&$0.1320$&$0.3934$&$0.7110$&$0.8632$&$0.0000$&$0.2598$&$0.9860$&$0.4161$&$0.0430$\tabularnewline
Level of Motivation&$0.9358$&$0.0007$&$0.0001$&$0.3448$&$0.1403$&$0.2598$&$0.0000$&$0.0000$&$0.0137$&$0.0000$\tabularnewline
Attention&$0.7819$&$0.0450$&$0.0000$&$0.9794$&$0.0858$&$0.9860$&$0.0000$&$0.0000$&$0.1287$&$0.0004$\tabularnewline
Relevance&$0.9284$&$0.0030$&$0.5166$&$0.0394$&$0.8755$&$0.4161$&$0.0137$&$0.1287$&$0.0000$&$0.0718$\tabularnewline
Satisfaction&$0.6227$&$0.0009$&$0.0024$&$0.2639$&$0.0432$&$0.0430$&$0.0000$&$0.0004$&$0.0718$&$0.0000$\tabularnewline
\hline
\end{longtable}}

\section{Gains in Skill/Knowledge and Motivation for the group Master}

%latex.default(round(M, 4), caption = paste("Correlation matrix",     "of", mod$title, in_title), size = "scriptsize", longtable = T,     ctable = F, landscape = F, insert.bottom = paste("method: ",         mod$method), where = "!htbp", file = filename, append = T)%
\setlongtables{\scriptsize
\begin{longtable}{lrrrrrrrrrr}\caption{Correlation matrix of Gains in Skill/Knowledge and Motivation for the group Master between motivation factors and in the third empirical study} \tabularnewline
\hline\hline
\multicolumn{1}{l}{round}&\multicolumn{1}{c}{Gains in Skill/Knowledge}&\multicolumn{1}{c}{Intrinsic Motivation}&\multicolumn{1}{c}{Interest/Enjoyment}&\multicolumn{1}{c}{Perceived Choice}&\multicolumn{1}{c}{Pressure/Tension}&\multicolumn{1}{c}{Effort/Importance}&\multicolumn{1}{c}{Level of Motivation}&\multicolumn{1}{c}{Attention}&\multicolumn{1}{c}{Relevance}&\multicolumn{1}{c}{Satisfaction}\tabularnewline
\hline
\endfirsthead\caption[]{\em (continued)} \tabularnewline
\hline
\multicolumn{1}{l}{round}&\multicolumn{1}{c}{Gains in Skill/Knowledge}&\multicolumn{1}{c}{Intrinsic Motivation}&\multicolumn{1}{c}{Interest/Enjoyment}&\multicolumn{1}{c}{Perceived Choice}&\multicolumn{1}{c}{Pressure/Tension}&\multicolumn{1}{c}{Effort/Importance}&\multicolumn{1}{c}{Level of Motivation}&\multicolumn{1}{c}{Attention}&\multicolumn{1}{c}{Relevance}&\multicolumn{1}{c}{Satisfaction}\tabularnewline
\hline
\endhead
\hline
\multicolumn{11}{p{\linewidth}}{method:  spearman}\tabularnewline
\endfoot
\label{round}
Gains in Skill/Knowledge&$ 1.0000$&$ 0.2977$&$0.0316$&$ 0.5536$&$-0.5822$&$ 0.0741$&$0.0474$&$-0.3040$&$ 0.3053$&$-0.0106$\tabularnewline
Intrinsic Motivation&$ 0.2977$&$ 1.0000$&$0.4518$&$ 0.7263$&$-0.5456$&$ 0.5211$&$0.3012$&$-0.0632$&$ 0.7811$&$ 0.2293$\tabularnewline
Interest/Enjoyment&$ 0.0316$&$ 0.4518$&$1.0000$&$ 0.4200$&$ 0.2840$&$ 0.0952$&$0.7684$&$ 0.5870$&$ 0.1807$&$ 0.5318$\tabularnewline
Perceived Choice&$ 0.5536$&$ 0.7263$&$0.4200$&$ 1.0000$&$-0.3256$&$ 0.0919$&$0.4394$&$ 0.1162$&$ 0.5518$&$ 0.2832$\tabularnewline
Pressure/Tension&$-0.5822$&$-0.5456$&$0.2840$&$-0.3256$&$ 1.0000$&$-0.4668$&$0.3000$&$ 0.6351$&$-0.4661$&$ 0.0468$\tabularnewline
Effort/Importance&$ 0.0741$&$ 0.5211$&$0.0952$&$ 0.0919$&$-0.4668$&$ 1.0000$&$0.0564$&$-0.1484$&$ 0.6243$&$ 0.0639$\tabularnewline
Level of Motivation&$ 0.0474$&$ 0.3012$&$0.7684$&$ 0.4394$&$ 0.3000$&$ 0.0564$&$1.0000$&$ 0.8735$&$ 0.0491$&$ 0.7739$\tabularnewline
Attention&$-0.3040$&$-0.0632$&$0.5870$&$ 0.1162$&$ 0.6351$&$-0.1484$&$0.8735$&$ 1.0000$&$-0.2671$&$ 0.6885$\tabularnewline
Relevance&$ 0.3053$&$ 0.7811$&$0.1807$&$ 0.5518$&$-0.4661$&$ 0.6243$&$0.0491$&$-0.2671$&$ 1.0000$&$-0.1025$\tabularnewline
Satisfaction&$-0.0106$&$ 0.2293$&$0.5318$&$ 0.2832$&$ 0.0468$&$ 0.0639$&$0.7739$&$ 0.6885$&$-0.1025$&$ 1.0000$\tabularnewline
\hline
\end{longtable}}

%latex.default(round(p_mat, 4), caption = paste("Correlation matrix with p-values",     "of", mod$title, in_title), size = "scriptsize", longtable = T,     ctable = F, landscape = F, insert.bottom = paste("method: ",         mod$method), where = "!htbp", file = filename, append = T)%
\setlongtables{\scriptsize
\begin{longtable}{lrrrrrrrrrr}\caption{Correlation matrix with p-values of Gains in Skill/Knowledge and Motivation for the group Master between motivation factors and in the third empirical study} \tabularnewline
\hline\hline
\multicolumn{1}{l}{round}&\multicolumn{1}{c}{Gains in Skill/Knowledge}&\multicolumn{1}{c}{Intrinsic Motivation}&\multicolumn{1}{c}{Interest/Enjoyment}&\multicolumn{1}{c}{Perceived Choice}&\multicolumn{1}{c}{Pressure/Tension}&\multicolumn{1}{c}{Effort/Importance}&\multicolumn{1}{c}{Level of Motivation}&\multicolumn{1}{c}{Attention}&\multicolumn{1}{c}{Relevance}&\multicolumn{1}{c}{Satisfaction}\tabularnewline
\hline
\endfirsthead\caption[]{\em (continued)} \tabularnewline
\hline
\multicolumn{1}{l}{round}&\multicolumn{1}{c}{Gains in Skill/Knowledge}&\multicolumn{1}{c}{Intrinsic Motivation}&\multicolumn{1}{c}{Interest/Enjoyment}&\multicolumn{1}{c}{Perceived Choice}&\multicolumn{1}{c}{Pressure/Tension}&\multicolumn{1}{c}{Effort/Importance}&\multicolumn{1}{c}{Level of Motivation}&\multicolumn{1}{c}{Attention}&\multicolumn{1}{c}{Relevance}&\multicolumn{1}{c}{Satisfaction}\tabularnewline
\hline
\endhead
\hline
\multicolumn{11}{p{\linewidth}}{method:  spearman}\tabularnewline
\endfoot
\label{round}
Gains in Skill/Knowledge&$0.0000$&$0.3473$&$0.9224$&$0.0619$&$0.0470$&$0.8190$&$0.8838$&$0.3367$&$0.3346$&$0.9739$\tabularnewline
Intrinsic Motivation&$0.3473$&$0.0000$&$0.1403$&$0.0075$&$0.0665$&$0.0823$&$0.3414$&$0.8454$&$0.0027$&$0.4735$\tabularnewline
Interest/Enjoyment&$0.9224$&$0.1403$&$0.0000$&$0.1740$&$0.3711$&$0.7684$&$0.0035$&$0.0448$&$0.5741$&$0.0751$\tabularnewline
Perceived Choice&$0.0619$&$0.0075$&$0.1740$&$0.0000$&$0.3017$&$0.7764$&$0.1530$&$0.7191$&$0.0629$&$0.3724$\tabularnewline
Pressure/Tension&$0.0470$&$0.0665$&$0.3711$&$0.3017$&$0.0000$&$0.1260$&$0.3434$&$0.0265$&$0.1266$&$0.8852$\tabularnewline
Effort/Importance&$0.8190$&$0.0823$&$0.7684$&$0.7764$&$0.1260$&$0.0000$&$0.8617$&$0.6453$&$0.0300$&$0.8435$\tabularnewline
Level of Motivation&$0.8838$&$0.3414$&$0.0035$&$0.1530$&$0.3434$&$0.8617$&$0.0000$&$0.0002$&$0.8795$&$0.0031$\tabularnewline
Attention&$0.3367$&$0.8454$&$0.0448$&$0.7191$&$0.0265$&$0.6453$&$0.0002$&$0.0000$&$0.4013$&$0.0133$\tabularnewline
Relevance&$0.3346$&$0.0027$&$0.5741$&$0.0629$&$0.1266$&$0.0300$&$0.8795$&$0.4013$&$0.0000$&$0.7513$\tabularnewline
Satisfaction&$0.9739$&$0.4735$&$0.0751$&$0.3724$&$0.8852$&$0.8435$&$0.0031$&$0.0133$&$0.7513$&$0.0000$\tabularnewline
\hline
\end{longtable}}

\section{Gains in Skill/Knowledge and Motivation for the group ont-gamified.Apprentice}

%latex.default(round(M, 4), caption = paste("Correlation matrix",     "of", mod$title, in_title), size = "scriptsize", longtable = T,     ctable = F, landscape = F, insert.bottom = paste("method: ",         mod$method), where = "!htbp", file = filename, append = T)%
\setlongtables{\scriptsize
\begin{longtable}{lrrrrrrrrrr}\caption{Correlation matrix of Gains in Skill/Knowledge and Motivation for the group ont-gamified.Apprentice between motivation factors and in the third empirical study} \tabularnewline
\hline\hline
\multicolumn{1}{l}{round}&\multicolumn{1}{c}{Gains in Skill/Knowledge}&\multicolumn{1}{c}{Intrinsic Motivation}&\multicolumn{1}{c}{Interest/Enjoyment}&\multicolumn{1}{c}{Perceived Choice}&\multicolumn{1}{c}{Pressure/Tension}&\multicolumn{1}{c}{Effort/Importance}&\multicolumn{1}{c}{Level of Motivation}&\multicolumn{1}{c}{Attention}&\multicolumn{1}{c}{Relevance}&\multicolumn{1}{c}{Satisfaction}\tabularnewline
\hline
\endfirsthead\caption[]{\em (continued)} \tabularnewline
\hline
\multicolumn{1}{l}{round}&\multicolumn{1}{c}{Gains in Skill/Knowledge}&\multicolumn{1}{c}{Intrinsic Motivation}&\multicolumn{1}{c}{Interest/Enjoyment}&\multicolumn{1}{c}{Perceived Choice}&\multicolumn{1}{c}{Pressure/Tension}&\multicolumn{1}{c}{Effort/Importance}&\multicolumn{1}{c}{Level of Motivation}&\multicolumn{1}{c}{Attention}&\multicolumn{1}{c}{Relevance}&\multicolumn{1}{c}{Satisfaction}\tabularnewline
\hline
\endhead
\hline
\multicolumn{11}{p{\linewidth}}{method:  spearman}\tabularnewline
\endfoot
\label{round}
Gains in Skill/Knowledge&$ 1.0000$&$-0.2750$&$-0.0910$&$-0.1689$&$0.1514$&$-0.2072$&$0.0815$&$0.0771$&$-0.0377$&$0.1049$\tabularnewline
Intrinsic Motivation&$-0.2750$&$ 1.0000$&$ 0.6541$&$ 0.7652$&$0.4746$&$ 0.2305$&$0.6315$&$0.5435$&$ 0.6195$&$0.6417$\tabularnewline
Interest/Enjoyment&$-0.0910$&$ 0.6541$&$ 1.0000$&$ 0.1802$&$0.6303$&$ 0.0474$&$0.8591$&$0.9301$&$ 0.2634$&$0.8343$\tabularnewline
Perceived Choice&$-0.1689$&$ 0.7652$&$ 0.1802$&$ 1.0000$&$0.1406$&$-0.0505$&$0.2638$&$0.1071$&$ 0.5794$&$0.2511$\tabularnewline
Pressure/Tension&$ 0.1514$&$ 0.4746$&$ 0.6303$&$ 0.1406$&$1.0000$&$ 0.0865$&$0.7702$&$0.7083$&$ 0.5022$&$0.7497$\tabularnewline
Effort/Importance&$-0.2072$&$ 0.2305$&$ 0.0474$&$-0.0505$&$0.0865$&$ 1.0000$&$0.1086$&$0.0325$&$-0.2061$&$0.1852$\tabularnewline
Level of Motivation&$ 0.0815$&$ 0.6315$&$ 0.8591$&$ 0.2638$&$0.7702$&$ 0.1086$&$1.0000$&$0.9648$&$ 0.4120$&$0.9636$\tabularnewline
Attention&$ 0.0771$&$ 0.5435$&$ 0.9301$&$ 0.1071$&$0.7083$&$ 0.0325$&$0.9648$&$1.0000$&$ 0.2879$&$0.9327$\tabularnewline
Relevance&$-0.0377$&$ 0.6195$&$ 0.2634$&$ 0.5794$&$0.5022$&$-0.2061$&$0.4120$&$0.2879$&$ 1.0000$&$0.3330$\tabularnewline
Satisfaction&$ 0.1049$&$ 0.6417$&$ 0.8343$&$ 0.2511$&$0.7497$&$ 0.1852$&$0.9636$&$0.9327$&$ 0.3330$&$1.0000$\tabularnewline
\hline
\end{longtable}}

%latex.default(round(p_mat, 4), caption = paste("Correlation matrix with p-values",     "of", mod$title, in_title), size = "scriptsize", longtable = T,     ctable = F, landscape = F, insert.bottom = paste("method: ",         mod$method), where = "!htbp", file = filename, append = T)%
\setlongtables{\scriptsize
\begin{longtable}{lrrrrrrrrrr}\caption{Correlation matrix with p-values of Gains in Skill/Knowledge and Motivation for the group ont-gamified.Apprentice between motivation factors and in the third empirical study} \tabularnewline
\hline\hline
\multicolumn{1}{l}{round}&\multicolumn{1}{c}{Gains in Skill/Knowledge}&\multicolumn{1}{c}{Intrinsic Motivation}&\multicolumn{1}{c}{Interest/Enjoyment}&\multicolumn{1}{c}{Perceived Choice}&\multicolumn{1}{c}{Pressure/Tension}&\multicolumn{1}{c}{Effort/Importance}&\multicolumn{1}{c}{Level of Motivation}&\multicolumn{1}{c}{Attention}&\multicolumn{1}{c}{Relevance}&\multicolumn{1}{c}{Satisfaction}\tabularnewline
\hline
\endfirsthead\caption[]{\em (continued)} \tabularnewline
\hline
\multicolumn{1}{l}{round}&\multicolumn{1}{c}{Gains in Skill/Knowledge}&\multicolumn{1}{c}{Intrinsic Motivation}&\multicolumn{1}{c}{Interest/Enjoyment}&\multicolumn{1}{c}{Perceived Choice}&\multicolumn{1}{c}{Pressure/Tension}&\multicolumn{1}{c}{Effort/Importance}&\multicolumn{1}{c}{Level of Motivation}&\multicolumn{1}{c}{Attention}&\multicolumn{1}{c}{Relevance}&\multicolumn{1}{c}{Satisfaction}\tabularnewline
\hline
\endhead
\hline
\multicolumn{11}{p{\linewidth}}{method:  spearman}\tabularnewline
\endfoot
\label{round}
Gains in Skill/Knowledge&$0.0000$&$0.3413$&$0.7570$&$0.5639$&$0.6054$&$0.4772$&$0.7818$&$0.7934$&$0.8983$&$0.7213$\tabularnewline
Intrinsic Motivation&$0.3413$&$0.0000$&$0.0112$&$0.0014$&$0.0864$&$0.4280$&$0.0154$&$0.0446$&$0.0181$&$0.0134$\tabularnewline
Interest/Enjoyment&$0.7570$&$0.0112$&$0.0000$&$0.5376$&$0.0157$&$0.8721$&$0.0001$&$0.0000$&$0.3629$&$0.0002$\tabularnewline
Perceived Choice&$0.5639$&$0.0014$&$0.5376$&$0.0000$&$0.6315$&$0.8638$&$0.3621$&$0.7156$&$0.0299$&$0.3865$\tabularnewline
Pressure/Tension&$0.6054$&$0.0864$&$0.0157$&$0.6315$&$0.0000$&$0.7687$&$0.0013$&$0.0046$&$0.0672$&$0.0020$\tabularnewline
Effort/Importance&$0.4772$&$0.4280$&$0.8721$&$0.8638$&$0.7687$&$0.0000$&$0.7116$&$0.9122$&$0.4796$&$0.5262$\tabularnewline
Level of Motivation&$0.7818$&$0.0154$&$0.0001$&$0.3621$&$0.0013$&$0.7116$&$0.0000$&$0.0000$&$0.1433$&$0.0000$\tabularnewline
Attention&$0.7934$&$0.0446$&$0.0000$&$0.7156$&$0.0046$&$0.9122$&$0.0000$&$0.0000$&$0.3182$&$0.0000$\tabularnewline
Relevance&$0.8983$&$0.0181$&$0.3629$&$0.0299$&$0.0672$&$0.4796$&$0.1433$&$0.3182$&$0.0000$&$0.2447$\tabularnewline
Satisfaction&$0.7213$&$0.0134$&$0.0002$&$0.3865$&$0.0020$&$0.5262$&$0.0000$&$0.0000$&$0.2447$&$0.0000$\tabularnewline
\hline
\end{longtable}}

\section{Gains in Skill/Knowledge and Motivation for the group ont-gamified.Master}

%latex.default(round(M, 4), caption = paste("Correlation matrix",     "of", mod$title, in_title), size = "scriptsize", longtable = T,     ctable = F, landscape = F, insert.bottom = paste("method: ",         mod$method), where = "!htbp", file = filename, append = T)%
\setlongtables{\scriptsize
\begin{longtable}{lrrrrrrrrrr}\caption{Correlation matrix of Gains in Skill/Knowledge and Motivation for the group ont-gamified.Master between motivation factors and in the third empirical study} \tabularnewline
\hline\hline
\multicolumn{1}{l}{round}&\multicolumn{1}{c}{Gains in Skill/Knowledge}&\multicolumn{1}{c}{Intrinsic Motivation}&\multicolumn{1}{c}{Interest/Enjoyment}&\multicolumn{1}{c}{Perceived Choice}&\multicolumn{1}{c}{Pressure/Tension}&\multicolumn{1}{c}{Effort/Importance}&\multicolumn{1}{c}{Level of Motivation}&\multicolumn{1}{c}{Attention}&\multicolumn{1}{c}{Relevance}&\multicolumn{1}{c}{Satisfaction}\tabularnewline
\hline
\endfirsthead\caption[]{\em (continued)} \tabularnewline
\hline
\multicolumn{1}{l}{round}&\multicolumn{1}{c}{Gains in Skill/Knowledge}&\multicolumn{1}{c}{Intrinsic Motivation}&\multicolumn{1}{c}{Interest/Enjoyment}&\multicolumn{1}{c}{Perceived Choice}&\multicolumn{1}{c}{Pressure/Tension}&\multicolumn{1}{c}{Effort/Importance}&\multicolumn{1}{c}{Level of Motivation}&\multicolumn{1}{c}{Attention}&\multicolumn{1}{c}{Relevance}&\multicolumn{1}{c}{Satisfaction}\tabularnewline
\hline
\endhead
\hline
\multicolumn{11}{p{\linewidth}}{method:  spearman}\tabularnewline
\endfoot
\label{round}
Gains in Skill/Knowledge&$ 1.0000$&$ 0.8286$&$-0.0857$&$ 0.8857$&$-0.8697$&$ 0.5798$&$-0.0857$&$-0.6377$&$ 0.7714$&$ 0.1160$\tabularnewline
Intrinsic Motivation&$ 0.8286$&$ 1.0000$&$ 0.0857$&$ 0.9429$&$-0.9856$&$ 0.8117$&$ 0.0857$&$-0.6377$&$ 0.8286$&$ 0.1160$\tabularnewline
Interest/Enjoyment&$-0.0857$&$ 0.0857$&$ 1.0000$&$-0.1429$&$ 0.0290$&$ 0.1160$&$ 0.6571$&$ 0.2319$&$-0.2571$&$ 0.7247$\tabularnewline
Perceived Choice&$ 0.8857$&$ 0.9429$&$-0.1429$&$ 1.0000$&$-0.9856$&$ 0.7537$&$-0.1429$&$-0.7247$&$ 0.9429$&$-0.1160$\tabularnewline
Pressure/Tension&$-0.8697$&$-0.9856$&$ 0.0290$&$-0.9856$&$ 1.0000$&$-0.7941$&$ 0.0290$&$ 0.6912$&$-0.8986$&$ 0.0000$\tabularnewline
Effort/Importance&$ 0.5798$&$ 0.8117$&$ 0.1160$&$ 0.7537$&$-0.7941$&$ 1.0000$&$ 0.4638$&$-0.1324$&$ 0.5508$&$ 0.2941$\tabularnewline
Level of Motivation&$-0.0857$&$ 0.0857$&$ 0.6571$&$-0.1429$&$ 0.0290$&$ 0.4638$&$ 1.0000$&$ 0.6667$&$-0.4286$&$ 0.8986$\tabularnewline
Attention&$-0.6377$&$-0.6377$&$ 0.2319$&$-0.7247$&$ 0.6912$&$-0.1324$&$ 0.6667$&$ 1.0000$&$-0.8697$&$ 0.5000$\tabularnewline
Relevance&$ 0.7714$&$ 0.8286$&$-0.2571$&$ 0.9429$&$-0.8986$&$ 0.5508$&$-0.4286$&$-0.8697$&$ 1.0000$&$-0.4058$\tabularnewline
Satisfaction&$ 0.1160$&$ 0.1160$&$ 0.7247$&$-0.1160$&$ 0.0000$&$ 0.2941$&$ 0.8986$&$ 0.5000$&$-0.4058$&$ 1.0000$\tabularnewline
\hline
\end{longtable}}

%latex.default(round(p_mat, 4), caption = paste("Correlation matrix with p-values",     "of", mod$title, in_title), size = "scriptsize", longtable = T,     ctable = F, landscape = F, insert.bottom = paste("method: ",         mod$method), where = "!htbp", file = filename, append = T)%
\setlongtables{\scriptsize
\begin{longtable}{lrrrrrrrrrr}\caption{Correlation matrix with p-values of Gains in Skill/Knowledge and Motivation for the group ont-gamified.Master between motivation factors and in the third empirical study} \tabularnewline
\hline\hline
\multicolumn{1}{l}{round}&\multicolumn{1}{c}{Gains in Skill/Knowledge}&\multicolumn{1}{c}{Intrinsic Motivation}&\multicolumn{1}{c}{Interest/Enjoyment}&\multicolumn{1}{c}{Perceived Choice}&\multicolumn{1}{c}{Pressure/Tension}&\multicolumn{1}{c}{Effort/Importance}&\multicolumn{1}{c}{Level of Motivation}&\multicolumn{1}{c}{Attention}&\multicolumn{1}{c}{Relevance}&\multicolumn{1}{c}{Satisfaction}\tabularnewline
\hline
\endfirsthead\caption[]{\em (continued)} \tabularnewline
\hline
\multicolumn{1}{l}{round}&\multicolumn{1}{c}{Gains in Skill/Knowledge}&\multicolumn{1}{c}{Intrinsic Motivation}&\multicolumn{1}{c}{Interest/Enjoyment}&\multicolumn{1}{c}{Perceived Choice}&\multicolumn{1}{c}{Pressure/Tension}&\multicolumn{1}{c}{Effort/Importance}&\multicolumn{1}{c}{Level of Motivation}&\multicolumn{1}{c}{Attention}&\multicolumn{1}{c}{Relevance}&\multicolumn{1}{c}{Satisfaction}\tabularnewline
\hline
\endhead
\hline
\multicolumn{11}{p{\linewidth}}{method:  spearman}\tabularnewline
\endfoot
\label{round}
Gains in Skill/Knowledge&$0.0000$&$0.0583$&$0.9194$&$0.0333$&$0.0244$&$0.2278$&$0.9194$&$0.1731$&$0.1028$&$0.8268$\tabularnewline
Intrinsic Motivation&$0.0583$&$0.0000$&$0.9194$&$0.0167$&$0.0003$&$0.0499$&$0.9194$&$0.1731$&$0.0583$&$0.8268$\tabularnewline
Interest/Enjoyment&$0.9194$&$0.9194$&$0.0000$&$0.8028$&$0.9565$&$0.8268$&$0.1750$&$0.6584$&$0.6583$&$0.1032$\tabularnewline
Perceived Choice&$0.0333$&$0.0167$&$0.8028$&$0.0000$&$0.0003$&$0.0835$&$0.8028$&$0.1032$&$0.0167$&$0.8268$\tabularnewline
Pressure/Tension&$0.0244$&$0.0003$&$0.9565$&$0.0003$&$0.0000$&$0.0592$&$0.9565$&$0.1283$&$0.0149$&$1.0000$\tabularnewline
Effort/Importance&$0.2278$&$0.0499$&$0.8268$&$0.0835$&$0.0592$&$0.0000$&$0.3542$&$0.8026$&$0.2574$&$0.5715$\tabularnewline
Level of Motivation&$0.9194$&$0.9194$&$0.1750$&$0.8028$&$0.9565$&$0.3542$&$0.0000$&$0.1481$&$0.4194$&$0.0149$\tabularnewline
