
\documentclass[6pt]{article}
\usepackage{longtable}
\usepackage{rotating}
\usepackage{lscape}
\usepackage{ctable}
\begin{document}
\title{Summary of Correlation Analysis}
\maketitle
\section{Gains in Skill/Knowledge and Motivation}

%latex.default(round(M, 4), caption = paste("Correlation matrix",     "of", mod$title, in_title), size = "small", longtable = T,     ctable = F, landscape = T, insert.bottom = paste("method: ",         mod$method), where = "!htbp", file = filename, append = T)%
\setlongtables\begin{landscape}{\small
\begin{longtable}{lrrrrrr}\caption{Correlation matrix of Gains in Skill/Knowledge and Motivation between participants' motivation and learning outcomes in the first empirical study} \tabularnewline
\hline\hline
\multicolumn{1}{l}{round}&\multicolumn{1}{c}{Gains in Skill/Knowledge}&\multicolumn{1}{c}{Intrinsic Motivation}&\multicolumn{1}{c}{Interest/Enjoyment}&\multicolumn{1}{c}{Perceived Choice}&\multicolumn{1}{c}{Pressure/Tension}&\multicolumn{1}{c}{Effort/Importance}\tabularnewline
\hline
\endfirsthead\caption[]{\em (continued)} \tabularnewline
\hline
\multicolumn{1}{l}{round}&\multicolumn{1}{c}{Gains in Skill/Knowledge}&\multicolumn{1}{c}{Intrinsic Motivation}&\multicolumn{1}{c}{Interest/Enjoyment}&\multicolumn{1}{c}{Perceived Choice}&\multicolumn{1}{c}{Pressure/Tension}&\multicolumn{1}{c}{Effort/Importance}\tabularnewline
\hline
\endhead
\hline
\multicolumn{7}{p{\linewidth}}{method:  spearman}\tabularnewline
\endfoot
\label{round}
Gains in Skill/Knowledge&$ 1.0000$&$-0.0160$&$-0.1688$&$-0.1010$&$-0.0342$&$0.1882$\tabularnewline
Intrinsic Motivation&$-0.0160$&$ 1.0000$&$ 0.7575$&$ 0.6856$&$-0.4746$&$0.3150$\tabularnewline
Interest/Enjoyment&$-0.1688$&$ 0.7575$&$ 1.0000$&$ 0.4622$&$-0.2527$&$0.1101$\tabularnewline
Perceived Choice&$-0.1010$&$ 0.6856$&$ 0.4622$&$ 1.0000$&$-0.1757$&$0.0138$\tabularnewline
Pressure/Tension&$-0.0342$&$-0.4746$&$-0.2527$&$-0.1757$&$ 1.0000$&$0.2684$\tabularnewline
Effort/Importance&$ 0.1882$&$ 0.3150$&$ 0.1101$&$ 0.0138$&$ 0.2684$&$1.0000$\tabularnewline
\hline
\end{longtable}}\end{landscape}

%latex.default(round(p_mat, 4), caption = paste("Correlation matrix with p-values",     "of", mod$title, in_title), size = "small", longtable = T,     ctable = F, landscape = T, insert.bottom = paste("method: ",         mod$method), where = "!htbp", file = filename, append = T)%
\setlongtables\begin{landscape}{\small
\begin{longtable}{lrrrrrr}\caption{Correlation matrix with p-values of Gains in Skill/Knowledge and Motivation between participants' motivation and learning outcomes in the first empirical study} \tabularnewline
\hline\hline
\multicolumn{1}{l}{round}&\multicolumn{1}{c}{Gains in Skill/Knowledge}&\multicolumn{1}{c}{Intrinsic Motivation}&\multicolumn{1}{c}{Interest/Enjoyment}&\multicolumn{1}{c}{Perceived Choice}&\multicolumn{1}{c}{Pressure/Tension}&\multicolumn{1}{c}{Effort/Importance}\tabularnewline
\hline
\endfirsthead\caption[]{\em (continued)} \tabularnewline
\hline
\multicolumn{1}{l}{round}&\multicolumn{1}{c}{Gains in Skill/Knowledge}&\multicolumn{1}{c}{Intrinsic Motivation}&\multicolumn{1}{c}{Interest/Enjoyment}&\multicolumn{1}{c}{Perceived Choice}&\multicolumn{1}{c}{Pressure/Tension}&\multicolumn{1}{c}{Effort/Importance}\tabularnewline
\hline
\endhead
\hline
\multicolumn{7}{p{\linewidth}}{method:  spearman}\tabularnewline
\endfoot
\label{round}
Gains in Skill/Knowledge&$0.0000$&$0.9179$&$0.2734$&$0.5140$&$0.8254$&$0.2212$\tabularnewline
Intrinsic Motivation&$0.9179$&$0.0000$&$0.0000$&$0.0000$&$0.0011$&$0.0373$\tabularnewline
Interest/Enjoyment&$0.2734$&$0.0000$&$0.0000$&$0.0016$&$0.0979$&$0.4768$\tabularnewline
Perceived Choice&$0.5140$&$0.0000$&$0.0016$&$0.0000$&$0.2539$&$0.9290$\tabularnewline
Pressure/Tension&$0.8254$&$0.0011$&$0.0979$&$0.2539$&$0.0000$&$0.0781$\tabularnewline
Effort/Importance&$0.2212$&$0.0373$&$0.4768$&$0.9290$&$0.0781$&$0.0000$\tabularnewline
\hline
\end{longtable}}\end{landscape}

\section{Gains in Skill/Knowledge and Motivation for the group non-gamified}

%latex.default(round(M, 4), caption = paste("Correlation matrix",     "of", mod$title, in_title), size = "small", longtable = T,     ctable = F, landscape = T, insert.bottom = paste("method: ",         mod$method), where = "!htbp", file = filename, append = T)%
\setlongtables\begin{landscape}{\small
\begin{longtable}{lrrrrrr}\caption{Correlation matrix of Gains in Skill/Knowledge and Motivation for the group non-gamified between participants' motivation and learning outcomes in the first empirical study} \tabularnewline
\hline\hline
\multicolumn{1}{l}{round}&\multicolumn{1}{c}{Gains in Skill/Knowledge}&\multicolumn{1}{c}{Intrinsic Motivation}&\multicolumn{1}{c}{Interest/Enjoyment}&\multicolumn{1}{c}{Perceived Choice}&\multicolumn{1}{c}{Pressure/Tension}&\multicolumn{1}{c}{Effort/Importance}\tabularnewline
\hline
\endfirsthead\caption[]{\em (continued)} \tabularnewline
\hline
\multicolumn{1}{l}{round}&\multicolumn{1}{c}{Gains in Skill/Knowledge}&\multicolumn{1}{c}{Intrinsic Motivation}&\multicolumn{1}{c}{Interest/Enjoyment}&\multicolumn{1}{c}{Perceived Choice}&\multicolumn{1}{c}{Pressure/Tension}&\multicolumn{1}{c}{Effort/Importance}\tabularnewline
\hline
\endhead
\hline
\multicolumn{7}{p{\linewidth}}{method:  spearman}\tabularnewline
\endfoot
\label{round}
Gains in Skill/Knowledge&$1.0000$&$ 0.2962$&$ 0.1404$&$ 0.1912$&$ 0.0052$&$0.4230$\tabularnewline
Intrinsic Motivation&$0.2962$&$ 1.0000$&$ 0.7333$&$ 0.8186$&$-0.4635$&$0.3110$\tabularnewline
Interest/Enjoyment&$0.1404$&$ 0.7333$&$ 1.0000$&$ 0.4807$&$-0.1594$&$0.2560$\tabularnewline
Perceived Choice&$0.1912$&$ 0.8186$&$ 0.4807$&$ 1.0000$&$-0.6142$&$0.0254$\tabularnewline
Pressure/Tension&$0.0052$&$-0.4635$&$-0.1594$&$-0.6142$&$ 1.0000$&$0.5172$\tabularnewline
Effort/Importance&$0.4230$&$ 0.3110$&$ 0.2560$&$ 0.0254$&$ 0.5172$&$1.0000$\tabularnewline
\hline
\end{longtable}}\end{landscape}

%latex.default(round(p_mat, 4), caption = paste("Correlation matrix with p-values",     "of", mod$title, in_title), size = "small", longtable = T,     ctable = F, landscape = T, insert.bottom = paste("method: ",         mod$method), where = "!htbp", file = filename, append = T)%
\setlongtables\begin{landscape}{\small
\begin{longtable}{lrrrrrr}\caption{Correlation matrix with p-values of Gains in Skill/Knowledge and Motivation for the group non-gamified between participants' motivation and learning outcomes in the first empirical study} \tabularnewline
\hline\hline
\multicolumn{1}{l}{round}&\multicolumn{1}{c}{Gains in Skill/Knowledge}&\multicolumn{1}{c}{Intrinsic Motivation}&\multicolumn{1}{c}{Interest/Enjoyment}&\multicolumn{1}{c}{Perceived Choice}&\multicolumn{1}{c}{Pressure/Tension}&\multicolumn{1}{c}{Effort/Importance}\tabularnewline
\hline
\endfirsthead\caption[]{\em (continued)} \tabularnewline
\hline
\multicolumn{1}{l}{round}&\multicolumn{1}{c}{Gains in Skill/Knowledge}&\multicolumn{1}{c}{Intrinsic Motivation}&\multicolumn{1}{c}{Interest/Enjoyment}&\multicolumn{1}{c}{Perceived Choice}&\multicolumn{1}{c}{Pressure/Tension}&\multicolumn{1}{c}{Effort/Importance}\tabularnewline
\hline
\endhead
\hline
\multicolumn{7}{p{\linewidth}}{method:  spearman}\tabularnewline
\endfoot
\label{round}
Gains in Skill/Knowledge&$0.0000$&$0.2320$&$0.5784$&$0.4472$&$0.9837$&$0.0803$\tabularnewline
Intrinsic Motivation&$0.2320$&$0.0000$&$0.0005$&$0.0000$&$0.0527$&$0.2090$\tabularnewline
Interest/Enjoyment&$0.5784$&$0.0005$&$0.0000$&$0.0434$&$0.5277$&$0.3052$\tabularnewline
Perceived Choice&$0.4472$&$0.0000$&$0.0434$&$0.0000$&$0.0067$&$0.9202$\tabularnewline
Pressure/Tension&$0.9837$&$0.0527$&$0.5277$&$0.0067$&$0.0000$&$0.0279$\tabularnewline
Effort/Importance&$0.0803$&$0.2090$&$0.3052$&$0.9202$&$0.0279$&$0.0000$\tabularnewline
\hline
\end{longtable}}\end{landscape}

\section{Gains in Skill/Knowledge and Motivation for the group ont-gamified}

%latex.default(round(M, 4), caption = paste("Correlation matrix",     "of", mod$title, in_title), size = "small", longtable = T,     ctable = F, landscape = T, insert.bottom = paste("method: ",         mod$method), where = "!htbp", file = filename, append = T)%
\setlongtables\begin{landscape}{\small
\begin{longtable}{lrrrrrr}\caption{Correlation matrix of Gains in Skill/Knowledge and Motivation for the group ont-gamified between participants' motivation and learning outcomes in the first empirical study} \tabularnewline
\hline\hline
\multicolumn{1}{l}{round}&\multicolumn{1}{c}{Gains in Skill/Knowledge}&\multicolumn{1}{c}{Intrinsic Motivation}&\multicolumn{1}{c}{Interest/Enjoyment}&\multicolumn{1}{c}{Perceived Choice}&\multicolumn{1}{c}{Pressure/Tension}&\multicolumn{1}{c}{Effort/Importance}\tabularnewline
\hline
\endfirsthead\caption[]{\em (continued)} \tabularnewline
\hline
\multicolumn{1}{l}{round}&\multicolumn{1}{c}{Gains in Skill/Knowledge}&\multicolumn{1}{c}{Intrinsic Motivation}&\multicolumn{1}{c}{Interest/Enjoyment}&\multicolumn{1}{c}{Perceived Choice}&\multicolumn{1}{c}{Pressure/Tension}&\multicolumn{1}{c}{Effort/Importance}\tabularnewline
\hline
\endhead
\hline
\multicolumn{7}{p{\linewidth}}{method:  spearman}\tabularnewline
\endfoot
\label{round}
Gains in Skill/Knowledge&$ 1.0000$&$-0.1621$&$-0.3131$&$-0.2139$&$-0.0644$&$ 0.0658$\tabularnewline
Intrinsic Motivation&$-0.1621$&$ 1.0000$&$ 0.7294$&$ 0.5215$&$-0.5086$&$ 0.3399$\tabularnewline
Interest/Enjoyment&$-0.3131$&$ 0.7294$&$ 1.0000$&$ 0.3776$&$-0.3877$&$-0.0121$\tabularnewline
Perceived Choice&$-0.2139$&$ 0.5215$&$ 0.3776$&$ 1.0000$&$ 0.0817$&$-0.0936$\tabularnewline
Pressure/Tension&$-0.0644$&$-0.5086$&$-0.3877$&$ 0.0817$&$ 1.0000$&$ 0.1384$\tabularnewline
Effort/Importance&$ 0.0658$&$ 0.3399$&$-0.0121$&$-0.0936$&$ 0.1384$&$ 1.0000$\tabularnewline
\hline
\end{longtable}}\end{landscape}

%latex.default(round(p_mat, 4), caption = paste("Correlation matrix with p-values",     "of", mod$title, in_title), size = "small", longtable = T,     ctable = F, landscape = T, insert.bottom = paste("method: ",         mod$method), where = "!htbp", file = filename, append = T)%
\setlongtables\begin{landscape}{\small
\begin{longtable}{lrrrrrr}\caption{Correlation matrix with p-values of Gains in Skill/Knowledge and Motivation for the group ont-gamified between participants' motivation and learning outcomes in the first empirical study} \tabularnewline
\hline\hline
\multicolumn{1}{l}{round}&\multicolumn{1}{c}{Gains in Skill/Knowledge}&\multicolumn{1}{c}{Intrinsic Motivation}&\multicolumn{1}{c}{Interest/Enjoyment}&\multicolumn{1}{c}{Perceived Choice}&\multicolumn{1}{c}{Pressure/Tension}&\multicolumn{1}{c}{Effort/Importance}\tabularnewline
\hline
\endfirsthead\caption[]{\em (continued)} \tabularnewline
\hline
\multicolumn{1}{l}{round}&\multicolumn{1}{c}{Gains in Skill/Knowledge}&\multicolumn{1}{c}{Intrinsic Motivation}&\multicolumn{1}{c}{Interest/Enjoyment}&\multicolumn{1}{c}{Perceived Choice}&\multicolumn{1}{c}{Pressure/Tension}&\multicolumn{1}{c}{Effort/Importance}\tabularnewline
\hline
\endhead
\hline
\multicolumn{7}{p{\linewidth}}{method:  spearman}\tabularnewline
\endfoot
\label{round}
Gains in Skill/Knowledge&$0.0000$&$0.4288$&$0.1193$&$0.2942$&$0.7546$&$0.7493$\tabularnewline
Intrinsic Motivation&$0.4288$&$0.0000$&$0.0000$&$0.0063$&$0.0080$&$0.0894$\tabularnewline
Interest/Enjoyment&$0.1193$&$0.0000$&$0.0000$&$0.0572$&$0.0503$&$0.9531$\tabularnewline
Perceived Choice&$0.2942$&$0.0063$&$0.0572$&$0.0000$&$0.6915$&$0.6493$\tabularnewline
Pressure/Tension&$0.7546$&$0.0080$&$0.0503$&$0.6915$&$0.0000$&$0.5001$\tabularnewline
Effort/Importance&$0.7493$&$0.0894$&$0.9531$&$0.6493$&$0.5001$&$0.0000$\tabularnewline
\hline
\end{longtable}}\end{landscape}

\section{Gains in Skill/Knowledge and Motivation for the group Apprentice}

%latex.default(round(M, 4), caption = paste("Correlation matrix",     "of", mod$title, in_title), size = "small", longtable = T,     ctable = F, landscape = T, insert.bottom = paste("method: ",         mod$method), where = "!htbp", file = filename, append = T)%
\setlongtables\begin{landscape}{\small
\begin{longtable}{lrrrrrr}\caption{Correlation matrix of Gains in Skill/Knowledge and Motivation for the group Apprentice between participants' motivation and learning outcomes in the first empirical study} \tabularnewline
\hline\hline
\multicolumn{1}{l}{round}&\multicolumn{1}{c}{Gains in Skill/Knowledge}&\multicolumn{1}{c}{Intrinsic Motivation}&\multicolumn{1}{c}{Interest/Enjoyment}&\multicolumn{1}{c}{Perceived Choice}&\multicolumn{1}{c}{Pressure/Tension}&\multicolumn{1}{c}{Effort/Importance}\tabularnewline
\hline
\endfirsthead\caption[]{\em (continued)} \tabularnewline
\hline
\multicolumn{1}{l}{round}&\multicolumn{1}{c}{Gains in Skill/Knowledge}&\multicolumn{1}{c}{Intrinsic Motivation}&\multicolumn{1}{c}{Interest/Enjoyment}&\multicolumn{1}{c}{Perceived Choice}&\multicolumn{1}{c}{Pressure/Tension}&\multicolumn{1}{c}{Effort/Importance}\tabularnewline
\hline
\endhead
\hline
\multicolumn{7}{p{\linewidth}}{method:  spearman}\tabularnewline
\endfoot
\label{round}
Gains in Skill/Knowledge&$ 1.0000$&$-0.0966$&$-0.0028$&$-0.1809$&$-0.0805$&$ 0.2699$\tabularnewline
Intrinsic Motivation&$-0.0966$&$ 1.0000$&$ 0.8146$&$ 0.7724$&$-0.4195$&$ 0.2977$\tabularnewline
Interest/Enjoyment&$-0.0028$&$ 0.8146$&$ 1.0000$&$ 0.6442$&$-0.1451$&$ 0.1175$\tabularnewline
Perceived Choice&$-0.1809$&$ 0.7724$&$ 0.6442$&$ 1.0000$&$-0.2301$&$-0.0205$\tabularnewline
Pressure/Tension&$-0.0805$&$-0.4195$&$-0.1451$&$-0.2301$&$ 1.0000$&$ 0.0825$\tabularnewline
Effort/Importance&$ 0.2699$&$ 0.2977$&$ 0.1175$&$-0.0205$&$ 0.0825$&$ 1.0000$\tabularnewline
\hline
\end{longtable}}\end{landscape}

%latex.default(round(p_mat, 4), caption = paste("Correlation matrix with p-values",     "of", mod$title, in_title), size = "small", longtable = T,     ctable = F, landscape = T, insert.bottom = paste("method: ",         mod$method), where = "!htbp", file = filename, append = T)%
\setlongtables\begin{landscape}{\small
\begin{longtable}{lrrrrrr}\caption{Correlation matrix with p-values of Gains in Skill/Knowledge and Motivation for the group Apprentice between participants' motivation and learning outcomes in the first empirical study} \tabularnewline
\hline\hline
\multicolumn{1}{l}{round}&\multicolumn{1}{c}{Gains in Skill/Knowledge}&\multicolumn{1}{c}{Intrinsic Motivation}&\multicolumn{1}{c}{Interest/Enjoyment}&\multicolumn{1}{c}{Perceived Choice}&\multicolumn{1}{c}{Pressure/Tension}&\multicolumn{1}{c}{Effort/Importance}\tabularnewline
\hline
\endfirsthead\caption[]{\em (continued)} \tabularnewline
\hline
\multicolumn{1}{l}{round}&\multicolumn{1}{c}{Gains in Skill/Knowledge}&\multicolumn{1}{c}{Intrinsic Motivation}&\multicolumn{1}{c}{Interest/Enjoyment}&\multicolumn{1}{c}{Perceived Choice}&\multicolumn{1}{c}{Pressure/Tension}&\multicolumn{1}{c}{Effort/Importance}\tabularnewline
\hline
\endhead
\hline
\multicolumn{7}{p{\linewidth}}{method:  spearman}\tabularnewline
\endfoot
\label{round}
Gains in Skill/Knowledge&$0.0000$&$0.6682$&$0.9900$&$0.4203$&$0.7216$&$0.2245$\tabularnewline
Intrinsic Motivation&$0.6682$&$0.0000$&$0.0000$&$0.0000$&$0.0520$&$0.1784$\tabularnewline
Interest/Enjoyment&$0.9900$&$0.0000$&$0.0000$&$0.0012$&$0.5193$&$0.6026$\tabularnewline
Perceived Choice&$0.4203$&$0.0000$&$0.0012$&$0.0000$&$0.3030$&$0.9279$\tabularnewline
Pressure/Tension&$0.7216$&$0.0520$&$0.5193$&$0.3030$&$0.0000$&$0.7151$\tabularnewline
Effort/Importance&$0.2245$&$0.1784$&$0.6026$&$0.9279$&$0.7151$&$0.0000$\tabularnewline
\hline
\end{longtable}}\end{landscape}

\section{Gains in Skill/Knowledge and Motivation for the group Master}

%latex.default(round(M, 4), caption = paste("Correlation matrix",     "of", mod$title, in_title), size = "small", longtable = T,     ctable = F, landscape = T, insert.bottom = paste("method: ",         mod$method), where = "!htbp", file = filename, append = T)%
\setlongtables\begin{landscape}{\small
\begin{longtable}{lrrrrrr}\caption{Correlation matrix of Gains in Skill/Knowledge and Motivation for the group Master between participants' motivation and learning outcomes in the first empirical study} \tabularnewline
\hline\hline
\multicolumn{1}{l}{round}&\multicolumn{1}{c}{Gains in Skill/Knowledge}&\multicolumn{1}{c}{Intrinsic Motivation}&\multicolumn{1}{c}{Interest/Enjoyment}&\multicolumn{1}{c}{Perceived Choice}&\multicolumn{1}{c}{Pressure/Tension}&\multicolumn{1}{c}{Effort/Importance}\tabularnewline
\hline
\endfirsthead\caption[]{\em (continued)} \tabularnewline
\hline
\multicolumn{1}{l}{round}&\multicolumn{1}{c}{Gains in Skill/Knowledge}&\multicolumn{1}{c}{Intrinsic Motivation}&\multicolumn{1}{c}{Interest/Enjoyment}&\multicolumn{1}{c}{Perceived Choice}&\multicolumn{1}{c}{Pressure/Tension}&\multicolumn{1}{c}{Effort/Importance}\tabularnewline
\hline
\endhead
\hline
\multicolumn{7}{p{\linewidth}}{method:  spearman}\tabularnewline
\endfoot
\label{round}
Gains in Skill/Knowledge&$ 1.0000$&$-0.1469$&$-0.3459$&$-0.1628$&$-0.0560$&$-0.0465$\tabularnewline
Intrinsic Motivation&$-0.1469$&$ 1.0000$&$ 0.7674$&$ 0.5926$&$-0.4853$&$ 0.3009$\tabularnewline
Interest/Enjoyment&$-0.3459$&$ 0.7674$&$ 1.0000$&$ 0.3066$&$-0.3686$&$ 0.1228$\tabularnewline
Perceived Choice&$-0.1628$&$ 0.5926$&$ 0.3066$&$ 1.0000$&$-0.0235$&$ 0.1647$\tabularnewline
Pressure/Tension&$-0.0560$&$-0.4853$&$-0.3686$&$-0.0235$&$ 1.0000$&$ 0.4441$\tabularnewline
Effort/Importance&$-0.0465$&$ 0.3009$&$ 0.1228$&$ 0.1647$&$ 0.4441$&$ 1.0000$\tabularnewline
\hline
\end{longtable}}\end{landscape}

%latex.default(round(p_mat, 4), caption = paste("Correlation matrix with p-values",     "of", mod$title, in_title), size = "small", longtable = T,     ctable = F, landscape = T, insert.bottom = paste("method: ",         mod$method), where = "!htbp", file = filename, append = T)%
\setlongtables\begin{landscape}{\small
\begin{longtable}{lrrrrrr}\caption{Correlation matrix with p-values of Gains in Skill/Knowledge and Motivation for the group Master between participants' motivation and learning outcomes in the first empirical study} \tabularnewline
\hline\hline
\multicolumn{1}{l}{round}&\multicolumn{1}{c}{Gains in Skill/Knowledge}&\multicolumn{1}{c}{Intrinsic Motivation}&\multicolumn{1}{c}{Interest/Enjoyment}&\multicolumn{1}{c}{Perceived Choice}&\multicolumn{1}{c}{Pressure/Tension}&\multicolumn{1}{c}{Effort/Importance}\tabularnewline
\hline
\endfirsthead\caption[]{\em (continued)} \tabularnewline
\hline
\multicolumn{1}{l}{round}&\multicolumn{1}{c}{Gains in Skill/Knowledge}&\multicolumn{1}{c}{Intrinsic Motivation}&\multicolumn{1}{c}{Interest/Enjoyment}&\multicolumn{1}{c}{Perceived Choice}&\multicolumn{1}{c}{Pressure/Tension}&\multicolumn{1}{c}{Effort/Importance}\tabularnewline
\hline
\endhead
\hline
\multicolumn{7}{p{\linewidth}}{method:  spearman}\tabularnewline
\endfoot
\label{round}
Gains in Skill/Knowledge&$0.0000$&$0.5142$&$0.1148$&$0.4691$&$0.8044$&$0.8373$\tabularnewline
Intrinsic Motivation&$0.5142$&$0.0000$&$0.0000$&$0.0037$&$0.0220$&$0.1735$\tabularnewline
Interest/Enjoyment&$0.1148$&$0.0000$&$0.0000$&$0.1651$&$0.0914$&$0.5863$\tabularnewline
Perceived Choice&$0.4691$&$0.0037$&$0.1651$&$0.0000$&$0.9174$&$0.4638$\tabularnewline
Pressure/Tension&$0.8044$&$0.0220$&$0.0914$&$0.9174$&$0.0000$&$0.0384$\tabularnewline
Effort/Importance&$0.8373$&$0.1735$&$0.5863$&$0.4638$&$0.0384$&$0.0000$\tabularnewline
\hline
\end{longtable}}\end{landscape}

\section{Gains in Skill/Knowledge and Motivation for the group non-gamified.Apprentice}

%latex.default(round(M, 4), caption = paste("Correlation matrix",     "of", mod$title, in_title), size = "small", longtable = T,     ctable = F, landscape = T, insert.bottom = paste("method: ",         mod$method), where = "!htbp", file = filename, append = T)%
\setlongtables\begin{landscape}{\small
\begin{longtable}{lrrrrrr}\caption{Correlation matrix of Gains in Skill/Knowledge and Motivation for the group non-gamified.Apprentice between participants' motivation and learning outcomes in the first empirical study} \tabularnewline
\hline\hline
\multicolumn{1}{l}{round}&\multicolumn{1}{c}{Gains in Skill/Knowledge}&\multicolumn{1}{c}{Intrinsic Motivation}&\multicolumn{1}{c}{Interest/Enjoyment}&\multicolumn{1}{c}{Perceived Choice}&\multicolumn{1}{c}{Pressure/Tension}&\multicolumn{1}{c}{Effort/Importance}\tabularnewline
\hline
\endfirsthead\caption[]{\em (continued)} \tabularnewline
\hline
\multicolumn{1}{l}{round}&\multicolumn{1}{c}{Gains in Skill/Knowledge}&\multicolumn{1}{c}{Intrinsic Motivation}&\multicolumn{1}{c}{Interest/Enjoyment}&\multicolumn{1}{c}{Perceived Choice}&\multicolumn{1}{c}{Pressure/Tension}&\multicolumn{1}{c}{Effort/Importance}\tabularnewline
\hline
\endhead
\hline
\multicolumn{7}{p{\linewidth}}{method:  spearman}\tabularnewline
\endfoot
\label{round}
Gains in Skill/Knowledge&$ 1.0000$&$ 0.2121$&$ 0.4970$&$-0.0671$&$-0.1223$&$ 0.1529$\tabularnewline
Intrinsic Motivation&$ 0.2121$&$ 1.0000$&$ 0.8160$&$ 0.7500$&$-0.5627$&$ 0.0917$\tabularnewline
Interest/Enjoyment&$ 0.4970$&$ 0.8160$&$ 1.0000$&$ 0.5432$&$-0.4768$&$ 0.0991$\tabularnewline
Perceived Choice&$-0.0671$&$ 0.7500$&$ 0.5432$&$ 1.0000$&$-0.6892$&$-0.2277$\tabularnewline
Pressure/Tension&$-0.1223$&$-0.5627$&$-0.4768$&$-0.6892$&$ 1.0000$&$ 0.5648$\tabularnewline
Effort/Importance&$ 0.1529$&$ 0.0917$&$ 0.0991$&$-0.2277$&$ 0.5648$&$ 1.0000$\tabularnewline
\hline
\end{longtable}}\end{landscape}

%latex.default(round(p_mat, 4), caption = paste("Correlation matrix with p-values",     "of", mod$title, in_title), size = "small", longtable = T,     ctable = F, landscape = T, insert.bottom = paste("method: ",         mod$method), where = "!htbp", file = filename, append = T)%
\setlongtables\begin{landscape}{\small
\begin{longtable}{lrrrrrr}\caption{Correlation matrix with p-values of Gains in Skill/Knowledge and Motivation for the group non-gamified.Apprentice between participants' motivation and learning outcomes in the first empirical study} \tabularnewline
\hline\hline
\multicolumn{1}{l}{round}&\multicolumn{1}{c}{Gains in Skill/Knowledge}&\multicolumn{1}{c}{Intrinsic Motivation}&\multicolumn{1}{c}{Interest/Enjoyment}&\multicolumn{1}{c}{Perceived Choice}&\multicolumn{1}{c}{Pressure/Tension}&\multicolumn{1}{c}{Effort/Importance}\tabularnewline
\hline
\endfirsthead\caption[]{\em (continued)} \tabularnewline
\hline
\multicolumn{1}{l}{round}&\multicolumn{1}{c}{Gains in Skill/Knowledge}&\multicolumn{1}{c}{Intrinsic Motivation}&\multicolumn{1}{c}{Interest/Enjoyment}&\multicolumn{1}{c}{Perceived Choice}&\multicolumn{1}{c}{Pressure/Tension}&\multicolumn{1}{c}{Effort/Importance}\tabularnewline
\hline
\endhead
\hline
\multicolumn{7}{p{\linewidth}}{method:  spearman}\tabularnewline
\endfoot
\label{round}
Gains in Skill/Knowledge&$0.0000$&$0.5599$&$0.1439$&$0.8539$&$0.7364$&$0.6732$\tabularnewline
Intrinsic Motivation&$0.5599$&$0.0000$&$0.0040$&$0.0125$&$0.0904$&$0.8010$\tabularnewline
Interest/Enjoyment&$0.1439$&$0.0040$&$0.0000$&$0.1046$&$0.1635$&$0.7854$\tabularnewline
Perceived Choice&$0.8539$&$0.0125$&$0.1046$&$0.0000$&$0.0275$&$0.5269$\tabularnewline
Pressure/Tension&$0.7364$&$0.0904$&$0.1635$&$0.0275$&$0.0000$&$0.0889$\tabularnewline
Effort/Importance&$0.6732$&$0.8010$&$0.7854$&$0.5269$&$0.0889$&$0.0000$\tabularnewline
\hline
\end{longtable}}\end{landscape}

\section{Gains in Skill/Knowledge and Motivation for the group non-gamified.Master}

%latex.default(round(M, 4), caption = paste("Correlation matrix",     "of", mod$title, in_title), size = "small", longtable = T,     ctable = F, landscape = T, insert.bottom = paste("method: ",         mod$method), where = "!htbp", file = filename, append = T)%
\setlongtables\begin{landscape}{\small
\begin{longtable}{lrrrrrr}\caption{Correlation matrix of Gains in Skill/Knowledge and Motivation for the group non-gamified.Master between participants' motivation and learning outcomes in the first empirical study} \tabularnewline
\hline\hline
\multicolumn{1}{l}{round}&\multicolumn{1}{c}{Gains in Skill/Knowledge}&\multicolumn{1}{c}{Intrinsic Motivation}&\multicolumn{1}{c}{Interest/Enjoyment}&\multicolumn{1}{c}{Perceived Choice}&\multicolumn{1}{c}{Pressure/Tension}&\multicolumn{1}{c}{Effort/Importance}\tabularnewline
\hline
\endfirsthead\caption[]{\em (continued)} \tabularnewline
\hline
\multicolumn{1}{l}{round}&\multicolumn{1}{c}{Gains in Skill/Knowledge}&\multicolumn{1}{c}{Intrinsic Motivation}&\multicolumn{1}{c}{Interest/Enjoyment}&\multicolumn{1}{c}{Perceived Choice}&\multicolumn{1}{c}{Pressure/Tension}&\multicolumn{1}{c}{Effort/Importance}\tabularnewline
\hline
\endhead
\hline
\multicolumn{7}{p{\linewidth}}{method:  spearman}\tabularnewline
\endfoot
\label{round}
Gains in Skill/Knowledge&$1.0000$&$ 0.3095$&$ 0.0614$&$ 0.2857$&$ 0.0988$&$0.7470$\tabularnewline
Intrinsic Motivation&$0.3095$&$ 1.0000$&$ 0.6874$&$ 0.8095$&$-0.5436$&$0.6386$\tabularnewline
Interest/Enjoyment&$0.0614$&$ 0.6874$&$ 1.0000$&$ 0.5524$&$-0.2612$&$0.4286$\tabularnewline
Perceived Choice&$0.2857$&$ 0.8095$&$ 0.5524$&$ 1.0000$&$-0.6795$&$0.3615$\tabularnewline
Pressure/Tension&$0.0988$&$-0.5436$&$-0.2612$&$-0.6795$&$ 1.0000$&$0.1375$\tabularnewline
Effort/Importance&$0.7470$&$ 0.6386$&$ 0.4286$&$ 0.3615$&$ 0.1375$&$1.0000$\tabularnewline
\hline
\end{longtable}}\end{landscape}

%latex.default(round(p_mat, 4), caption = paste("Correlation matrix with p-values",     "of", mod$title, in_title), size = "small", longtable = T,     ctable = F, landscape = T, insert.bottom = paste("method: ",         mod$method), where = "!htbp", file = filename, append = T)%
\setlongtables\begin{landscape}{\small
\begin{longtable}{lrrrrrr}\caption{Correlation matrix with p-values of Gains in Skill/Knowledge and Motivation for the group non-gamified.Master between participants' motivation and learning outcomes in the first empirical study} \tabularnewline
\hline\hline
\multicolumn{1}{l}{round}&\multicolumn{1}{c}{Gains in Skill/Knowledge}&\multicolumn{1}{c}{Intrinsic Motivation}&\multicolumn{1}{c}{Interest/Enjoyment}&\multicolumn{1}{c}{Perceived Choice}&\multicolumn{1}{c}{Pressure/Tension}&\multicolumn{1}{c}{Effort/Importance}\tabularnewline
\hline
\endfirsthead\caption[]{\em (continued)} \tabularnewline
\hline
\multicolumn{1}{l}{round}&\multicolumn{1}{c}{Gains in Skill/Knowledge}&\multicolumn{1}{c}{Intrinsic Motivation}&\multicolumn{1}{c}{Interest/Enjoyment}&\multicolumn{1}{c}{Perceived Choice}&\multicolumn{1}{c}{Pressure/Tension}&\multicolumn{1}{c}{Effort/Importance}\tabularnewline
\hline
\endhead
\hline
\multicolumn{7}{p{\linewidth}}{method:  spearman}\tabularnewline
\endfoot
\label{round}
Gains in Skill/Knowledge&$0.0000$&$0.4618$&$0.8852$&$0.5008$&$0.8159$&$0.0332$\tabularnewline
Intrinsic Motivation&$0.4618$&$0.0000$&$0.0596$&$0.0218$&$0.1638$&$0.0883$\tabularnewline
Interest/Enjoyment&$0.8852$&$0.0596$&$0.0000$&$0.1557$&$0.5321$&$0.2893$\tabularnewline
Perceived Choice&$0.5008$&$0.0218$&$0.1557$&$0.0000$&$0.0638$&$0.3790$\tabularnewline
Pressure/Tension&$0.8159$&$0.1638$&$0.5321$&$0.0638$&$0.0000$&$0.7453$\tabularnewline
Effort/Importance&$0.0332$&$0.0883$&$0.2893$&$0.3790$&$0.7453$&$0.0000$\tabularnewline
\hline
\end{longtable}}\end{landscape}

\section{Gains in Skill/Knowledge and Motivation for the group ont-gamified.Apprentice}

%latex.default(round(M, 4), caption = paste("Correlation matrix",     "of", mod$title, in_title), size = "small", longtable = T,     ctable = F, landscape = T, insert.bottom = paste("method: ",         mod$method), where = "!htbp", file = filename, append = T)%
\setlongtables\begin{landscape}{\small
\begin{longtable}{lrrrrrr}\caption{Correlation matrix of Gains in Skill/Knowledge and Motivation for the group ont-gamified.Apprentice between participants' motivation and learning outcomes in the first empirical study} \tabularnewline
\hline\hline
\multicolumn{1}{l}{round}&\multicolumn{1}{c}{Gains in Skill/Knowledge}&\multicolumn{1}{c}{Intrinsic Motivation}&\multicolumn{1}{c}{Interest/Enjoyment}&\multicolumn{1}{c}{Perceived Choice}&\multicolumn{1}{c}{Pressure/Tension}&\multicolumn{1}{c}{Effort/Importance}\tabularnewline
\hline
\endfirsthead\caption[]{\em (continued)} \tabularnewline
\hline
\multicolumn{1}{l}{round}&\multicolumn{1}{c}{Gains in Skill/Knowledge}&\multicolumn{1}{c}{Intrinsic Motivation}&\multicolumn{1}{c}{Interest/Enjoyment}&\multicolumn{1}{c}{Perceived Choice}&\multicolumn{1}{c}{Pressure/Tension}&\multicolumn{1}{c}{Effort/Importance}\tabularnewline
\hline
\endhead
\hline
\multicolumn{7}{p{\linewidth}}{method:  spearman}\tabularnewline
\endfoot
\label{round}
Gains in Skill/Knowledge&$ 1.0000$&$-0.4545$&$-0.3328$&$-0.3761$&$ 0.2628$&$ 0.2420$\tabularnewline
Intrinsic Motivation&$-0.4545$&$ 1.0000$&$ 0.7531$&$ 0.7346$&$-0.3003$&$ 0.5090$\tabularnewline
Interest/Enjoyment&$-0.3328$&$ 0.7531$&$ 1.0000$&$ 0.7342$&$-0.1003$&$ 0.1587$\tabularnewline
Perceived Choice&$-0.3761$&$ 0.7346$&$ 0.7342$&$ 1.0000$&$ 0.1950$&$ 0.0734$\tabularnewline
Pressure/Tension&$ 0.2628$&$-0.3003$&$-0.1003$&$ 0.1950$&$ 1.0000$&$-0.1146$\tabularnewline
Effort/Importance&$ 0.2420$&$ 0.5090$&$ 0.1587$&$ 0.0734$&$-0.1146$&$ 1.0000$\tabularnewline
\hline
\end{longtable}}\end{landscape}

%latex.default(round(p_mat, 4), caption = paste("Correlation matrix with p-values",     "of", mod$title, in_title), size = "small", longtable = T,     ctable = F, landscape = T, insert.bottom = paste("method: ",         mod$method), where = "!htbp", file = filename, append = T)%
\setlongtables\begin{landscape}{\small
\begin{longtable}{lrrrrrr}\caption{Correlation matrix with p-values of Gains in Skill/Knowledge and Motivation for the group ont-gamified.Apprentice between participants' motivation and learning outcomes in the first empirical study} \tabularnewline
\hline\hline
\multicolumn{1}{l}{round}&\multicolumn{1}{c}{Gains in Skill/Knowledge}&\multicolumn{1}{c}{Intrinsic Motivation}&\multicolumn{1}{c}{Interest/Enjoyment}&\multicolumn{1}{c}{Perceived Choice}&\multicolumn{1}{c}{Pressure/Tension}&\multicolumn{1}{c}{Effort/Importance}\tabularnewline
\hline
\endfirsthead\caption[]{\em (continued)} \tabularnewline
\hline
\multicolumn{1}{l}{round}&\multicolumn{1}{c}{Gains in Skill/Knowledge}&\multicolumn{1}{c}{Intrinsic Motivation}&\multicolumn{1}{c}{Interest/Enjoyment}&\multicolumn{1}{c}{Perceived Choice}&\multicolumn{1}{c}{Pressure/Tension}&\multicolumn{1}{c}{Effort/Importance}\tabularnewline
\hline
\endhead
\hline
\multicolumn{7}{p{\linewidth}}{method:  spearman}\tabularnewline
\endfoot
\label{round}
Gains in Skill/Knowledge&$0.0000$&$0.1404$&$0.2906$&$0.2282$&$0.4093$&$0.4485$\tabularnewline
Intrinsic Motivation&$0.1404$&$0.0000$&$0.0047$&$0.0065$&$0.3429$&$0.0910$\tabularnewline
Interest/Enjoyment&$0.2906$&$0.0047$&$0.0000$&$0.0066$&$0.7565$&$0.6223$\tabularnewline
Perceived Choice&$0.2282$&$0.0065$&$0.0066$&$0.0000$&$0.5437$&$0.8208$\tabularnewline
Pressure/Tension&$0.4093$&$0.3429$&$0.7565$&$0.5437$&$0.0000$&$0.7228$\tabularnewline
Effort/Importance&$0.4485$&$0.0910$&$0.6223$&$0.8208$&$0.7228$&$0.0000$\tabularnewline
\hline
\end{longtable}}\end{landscape}

\section{Gains in Skill/Knowledge and Motivation for the group ont-gamified.Master}

%latex.default(round(M, 4), caption = paste("Correlation matrix",     "of", mod$title, in_title), size = "small", longtable = T,     ctable = F, landscape = T, insert.bottom = paste("method: ",         mod$method), where = "!htbp", file = filename, append = T)%
\setlongtables\begin{landscape}{\small
\begin{longtable}{lrrrrrr}\caption{Correlation matrix of Gains in Skill/Knowledge and Motivation for the group ont-gamified.Master between participants' motivation and learning outcomes in the first empirical study} \tabularnewline
\hline\hline
\multicolumn{1}{l}{round}&\multicolumn{1}{c}{Gains in Skill/Knowledge}&\multicolumn{1}{c}{Intrinsic Motivation}&\multicolumn{1}{c}{Interest/Enjoyment}&\multicolumn{1}{c}{Perceived Choice}&\multicolumn{1}{c}{Pressure/Tension}&\multicolumn{1}{c}{Effort/Importance}\tabularnewline
\hline
\endfirsthead\caption[]{\em (continued)} \tabularnewline
\hline
\multicolumn{1}{l}{round}&\multicolumn{1}{c}{Gains in Skill/Knowledge}&\multicolumn{1}{c}{Intrinsic Motivation}&\multicolumn{1}{c}{Interest/Enjoyment}&\multicolumn{1}{c}{Perceived Choice}&\multicolumn{1}{c}{Pressure/Tension}&\multicolumn{1}{c}{Effort/Importance}\tabularnewline
\hline
\endhead
\hline
\multicolumn{7}{p{\linewidth}}{method:  spearman}\tabularnewline
\endfoot
\label{round}
Gains in Skill/Knowledge&$ 1.0000$&$-0.1850$&$-0.1495$&$-0.2947$&$-0.0536$&$-0.2905$\tabularnewline
Intrinsic Motivation&$-0.1850$&$ 1.0000$&$ 0.7741$&$ 0.4007$&$-0.6496$&$ 0.1441$\tabularnewline
Interest/Enjoyment&$-0.1495$&$ 0.7741$&$ 1.0000$&$ 0.0999$&$-0.7116$&$-0.0524$\tabularnewline
Perceived Choice&$-0.2947$&$ 0.4007$&$ 0.0999$&$ 1.0000$&$ 0.0850$&$-0.1511$\tabularnewline
Pressure/Tension&$-0.0536$&$-0.6496$&$-0.7116$&$ 0.0850$&$ 1.0000$&$ 0.3596$\tabularnewline
Effort/Importance&$-0.2905$&$ 0.1441$&$-0.0524$&$-0.1511$&$ 0.3596$&$ 1.0000$\tabularnewline
\hline
\end{longtable}}\end{landscape}

%latex.default(round(p_mat, 4), caption = paste("Correlation matrix with p-values",     "of", mod$title, in_title), size = "small", longtable = T,     ctable = F, landscape = T, insert.bottom = paste("method: ",         mod$method), where = "!htbp", file = filename, append = T)%
\setlongtables\begin{landscape}{\small
\begin{longtable}{lrrrrrr}\caption{Correlation matrix with p-values of Gains in Skill/Knowledge and Motivation for the group ont-gamified.Master between participants' motivation and learning outcomes in the first empirical study} \tabularnewline
\hline\hline
\multicolumn{1}{l}{round}&\multicolumn{1}{c}{Gains in Skill/Knowledge}&\multicolumn{1}{c}{Intrinsic Motivation}&\multicolumn{1}{c}{Interest/Enjoyment}&\multicolumn{1}{c}{Perceived Choice}&\multicolumn{1}{c}{Pressure/Tension}&\multicolumn{1}{c}{Effort/Importance}\tabularnewline
\hline
\endfirsthead\caption[]{\em (continued)} \tabularnewline
\hline
\multicolumn{1}{l}{round}&\multicolumn{1}{c}{Gains in Skill/Knowledge}&\multicolumn{1}{c}{Intrinsic Motivation}&\multicolumn{1}{c}{Interest/Enjoyment}&\multicolumn{1}{c}{Perceived Choice}&\multicolumn{1}{c}{Pressure/Tension}&\multicolumn{1}{c}{Effort/Importance}\tabularnewline
\hline
\endhead
\hline
\multicolumn{7}{p{\linewidth}}{method:  spearman}\tabularnewline
\endfoot
\label{round}
Gains in Skill/Knowledge&$0.0000$&$0.5266$&$0.6100$&$0.3064$&$0.8557$&$0.3137$\tabularnewline
Intrinsic Motivation&$0.5266$&$0.0000$&$0.0012$&$0.1557$&$0.0119$&$0.6230$\tabularnewline
Interest/Enjoyment&$0.6100$&$0.0012$&$0.0000$&$0.7340$&$0.0043$&$0.8588$\tabularnewline
Perceived Choice&$0.3064$&$0.1557$&$0.7340$&$0.0000$&$0.7726$&$0.6061$\tabularnewline
Pressure/Tension&$0.8557$&$0.0119$&$0.0043$&$0.7726$&$0.0000$&$0.2067$\tabularnewline
Effort/Importance&$0.3137$&$0.6230$&$0.8588$&$0.6061$&$0.2067$&$0.0000$\tabularnewline
\hline
\end{longtable}}\end{landscape}

\end{document}
