
\documentclass[6pt]{article}
\usepackage{longtable}
\usepackage{rotating}
\usepackage{lscape}
\usepackage{ctable}
\begin{document}
\title{Summary of Correlation Analysis}
\maketitle
\section{Gains in Skill/Knowledge and Motivation}

%latex.default(round(M, 4), caption = paste("Correlation matrix",     "of", mod$title, in_title), size = "small", longtable = T,     ctable = F, landscape = T, insert.bottom = paste("method: ",         mod$method), where = "!htbp", file = filename, append = T)%
\setlongtables\begin{landscape}{\small
\begin{longtable}{lrrrrrr}\caption{Correlation matrix of Gains in Skill/Knowledge and Motivation between participants' motivation and learning outcomes in the first empirical study} \tabularnewline
\hline\hline
\multicolumn{1}{l}{round}&\multicolumn{1}{c}{Gains in Skill/Knowledge}&\multicolumn{1}{c}{Intrinsic Motivation}&\multicolumn{1}{c}{Interest/Enjoyment}&\multicolumn{1}{c}{Perceived Choice}&\multicolumn{1}{c}{Pressure/Tension}&\multicolumn{1}{c}{Effort/Importance}\tabularnewline
\hline
\endfirsthead\caption[]{\em (continued)} \tabularnewline
\hline
\multicolumn{1}{l}{round}&\multicolumn{1}{c}{Gains in Skill/Knowledge}&\multicolumn{1}{c}{Intrinsic Motivation}&\multicolumn{1}{c}{Interest/Enjoyment}&\multicolumn{1}{c}{Perceived Choice}&\multicolumn{1}{c}{Pressure/Tension}&\multicolumn{1}{c}{Effort/Importance}\tabularnewline
\hline
\endhead
\hline
\multicolumn{7}{p{\linewidth}}{method:  spearman}\tabularnewline
\endfoot
\label{round}
Gains in Skill/Knowledge&$ 1.0000$&$-0.0684$&$-0.1179$&$-0.1588$&$ 0.0205$&$0.1215$\tabularnewline
Intrinsic Motivation&$-0.0684$&$ 1.0000$&$ 0.7760$&$ 0.7141$&$-0.4856$&$0.3763$\tabularnewline
Interest/Enjoyment&$-0.1179$&$ 0.7760$&$ 1.0000$&$ 0.5002$&$-0.2561$&$0.1465$\tabularnewline
Perceived Choice&$-0.1588$&$ 0.7141$&$ 0.5002$&$ 1.0000$&$-0.2052$&$0.0725$\tabularnewline
Pressure/Tension&$ 0.0205$&$-0.4856$&$-0.2561$&$-0.2052$&$ 1.0000$&$0.1875$\tabularnewline
Effort/Importance&$ 0.1215$&$ 0.3763$&$ 0.1465$&$ 0.0725$&$ 0.1875$&$1.0000$\tabularnewline
\hline
\end{longtable}}\end{landscape}

%latex.default(round(p_mat, 4), caption = paste("Correlation matrix with p-values",     "of", mod$title, in_title), size = "small", longtable = T,     ctable = F, landscape = T, insert.bottom = paste("method: ",         mod$method), where = "!htbp", file = filename, append = T)%
\setlongtables\begin{landscape}{\small
\begin{longtable}{lrrrrrr}\caption{Correlation matrix with p-values of Gains in Skill/Knowledge and Motivation between participants' motivation and learning outcomes in the first empirical study} \tabularnewline
\hline\hline
\multicolumn{1}{l}{round}&\multicolumn{1}{c}{Gains in Skill/Knowledge}&\multicolumn{1}{c}{Intrinsic Motivation}&\multicolumn{1}{c}{Interest/Enjoyment}&\multicolumn{1}{c}{Perceived Choice}&\multicolumn{1}{c}{Pressure/Tension}&\multicolumn{1}{c}{Effort/Importance}\tabularnewline
\hline
\endfirsthead\caption[]{\em (continued)} \tabularnewline
\hline
\multicolumn{1}{l}{round}&\multicolumn{1}{c}{Gains in Skill/Knowledge}&\multicolumn{1}{c}{Intrinsic Motivation}&\multicolumn{1}{c}{Interest/Enjoyment}&\multicolumn{1}{c}{Perceived Choice}&\multicolumn{1}{c}{Pressure/Tension}&\multicolumn{1}{c}{Effort/Importance}\tabularnewline
\hline
\endhead
\hline
\multicolumn{7}{p{\linewidth}}{method:  spearman}\tabularnewline
\endfoot
\label{round}
Gains in Skill/Knowledge&$0.0000$&$0.6369$&$0.4147$&$0.2707$&$0.8877$&$0.4005$\tabularnewline
Intrinsic Motivation&$0.6369$&$0.0000$&$0.0000$&$0.0000$&$0.0004$&$0.0071$\tabularnewline
Interest/Enjoyment&$0.4147$&$0.0000$&$0.0000$&$0.0002$&$0.0727$&$0.3099$\tabularnewline
Perceived Choice&$0.2707$&$0.0000$&$0.0002$&$0.0000$&$0.1528$&$0.6169$\tabularnewline
Pressure/Tension&$0.8877$&$0.0004$&$0.0727$&$0.1528$&$0.0000$&$0.1922$\tabularnewline
Effort/Importance&$0.4005$&$0.0071$&$0.3099$&$0.6169$&$0.1922$&$0.0000$\tabularnewline
\hline
\end{longtable}}\end{landscape}

\section{Gains in Skill/Knowledge and Motivation for the group non-gamified}

%latex.default(round(M, 4), caption = paste("Correlation matrix",     "of", mod$title, in_title), size = "small", longtable = T,     ctable = F, landscape = T, insert.bottom = paste("method: ",         mod$method), where = "!htbp", file = filename, append = T)%
\setlongtables\begin{landscape}{\small
\begin{longtable}{lrrrrrr}\caption{Correlation matrix of Gains in Skill/Knowledge and Motivation for the group non-gamified between participants' motivation and learning outcomes in the first empirical study} \tabularnewline
\hline\hline
\multicolumn{1}{l}{round}&\multicolumn{1}{c}{Gains in Skill/Knowledge}&\multicolumn{1}{c}{Intrinsic Motivation}&\multicolumn{1}{c}{Interest/Enjoyment}&\multicolumn{1}{c}{Perceived Choice}&\multicolumn{1}{c}{Pressure/Tension}&\multicolumn{1}{c}{Effort/Importance}\tabularnewline
\hline
\endfirsthead\caption[]{\em (continued)} \tabularnewline
\hline
\multicolumn{1}{l}{round}&\multicolumn{1}{c}{Gains in Skill/Knowledge}&\multicolumn{1}{c}{Intrinsic Motivation}&\multicolumn{1}{c}{Interest/Enjoyment}&\multicolumn{1}{c}{Perceived Choice}&\multicolumn{1}{c}{Pressure/Tension}&\multicolumn{1}{c}{Effort/Importance}\tabularnewline
\hline
\endhead
\hline
\multicolumn{7}{p{\linewidth}}{method:  spearman}\tabularnewline
\endfoot
\label{round}
Gains in Skill/Knowledge&$ 1.0000$&$ 0.0600$&$ 0.1896$&$-0.1347$&$ 0.1505$&$ 0.2631$\tabularnewline
Intrinsic Motivation&$ 0.0600$&$ 1.0000$&$ 0.8056$&$ 0.7356$&$-0.4566$&$ 0.3383$\tabularnewline
Interest/Enjoyment&$ 0.1896$&$ 0.8056$&$ 1.0000$&$ 0.4418$&$-0.1453$&$ 0.3306$\tabularnewline
Perceived Choice&$-0.1347$&$ 0.7356$&$ 0.4418$&$ 1.0000$&$-0.4492$&$-0.0168$\tabularnewline
Pressure/Tension&$ 0.1505$&$-0.4566$&$-0.1453$&$-0.4492$&$ 1.0000$&$ 0.3869$\tabularnewline
Effort/Importance&$ 0.2631$&$ 0.3383$&$ 0.3306$&$-0.0168$&$ 0.3869$&$ 1.0000$\tabularnewline
\hline
\end{longtable}}\end{landscape}

%latex.default(round(p_mat, 4), caption = paste("Correlation matrix with p-values",     "of", mod$title, in_title), size = "small", longtable = T,     ctable = F, landscape = T, insert.bottom = paste("method: ",         mod$method), where = "!htbp", file = filename, append = T)%
\setlongtables\begin{landscape}{\small
\begin{longtable}{lrrrrrr}\caption{Correlation matrix with p-values of Gains in Skill/Knowledge and Motivation for the group non-gamified between participants' motivation and learning outcomes in the first empirical study} \tabularnewline
\hline\hline
\multicolumn{1}{l}{round}&\multicolumn{1}{c}{Gains in Skill/Knowledge}&\multicolumn{1}{c}{Intrinsic Motivation}&\multicolumn{1}{c}{Interest/Enjoyment}&\multicolumn{1}{c}{Perceived Choice}&\multicolumn{1}{c}{Pressure/Tension}&\multicolumn{1}{c}{Effort/Importance}\tabularnewline
\hline
\endfirsthead\caption[]{\em (continued)} \tabularnewline
\hline
\multicolumn{1}{l}{round}&\multicolumn{1}{c}{Gains in Skill/Knowledge}&\multicolumn{1}{c}{Intrinsic Motivation}&\multicolumn{1}{c}{Interest/Enjoyment}&\multicolumn{1}{c}{Perceived Choice}&\multicolumn{1}{c}{Pressure/Tension}&\multicolumn{1}{c}{Effort/Importance}\tabularnewline
\hline
\endhead
\hline
\multicolumn{7}{p{\linewidth}}{method:  spearman}\tabularnewline
\endfoot
\label{round}
Gains in Skill/Knowledge&$0.0000$&$0.7907$&$0.3980$&$0.5501$&$0.5039$&$0.2368$\tabularnewline
Intrinsic Motivation&$0.7907$&$0.0000$&$0.0000$&$0.0001$&$0.0327$&$0.1236$\tabularnewline
Interest/Enjoyment&$0.3980$&$0.0000$&$0.0000$&$0.0396$&$0.5188$&$0.1329$\tabularnewline
Perceived Choice&$0.5501$&$0.0001$&$0.0396$&$0.0000$&$0.0360$&$0.9407$\tabularnewline
Pressure/Tension&$0.5039$&$0.0327$&$0.5188$&$0.0360$&$0.0000$&$0.0753$\tabularnewline
Effort/Importance&$0.2368$&$0.1236$&$0.1329$&$0.9407$&$0.0753$&$0.0000$\tabularnewline
\hline
\end{longtable}}\end{landscape}

\section{Gains in Skill/Knowledge and Motivation for the group ont-gamified}

%latex.default(round(M, 4), caption = paste("Correlation matrix",     "of", mod$title, in_title), size = "small", longtable = T,     ctable = F, landscape = T, insert.bottom = paste("method: ",         mod$method), where = "!htbp", file = filename, append = T)%
\setlongtables\begin{landscape}{\small
\begin{longtable}{lrrrrrr}\caption{Correlation matrix of Gains in Skill/Knowledge and Motivation for the group ont-gamified between participants' motivation and learning outcomes in the first empirical study} \tabularnewline
\hline\hline
\multicolumn{1}{l}{round}&\multicolumn{1}{c}{Gains in Skill/Knowledge}&\multicolumn{1}{c}{Intrinsic Motivation}&\multicolumn{1}{c}{Interest/Enjoyment}&\multicolumn{1}{c}{Perceived Choice}&\multicolumn{1}{c}{Pressure/Tension}&\multicolumn{1}{c}{Effort/Importance}\tabularnewline
\hline
\endfirsthead\caption[]{\em (continued)} \tabularnewline
\hline
\multicolumn{1}{l}{round}&\multicolumn{1}{c}{Gains in Skill/Knowledge}&\multicolumn{1}{c}{Intrinsic Motivation}&\multicolumn{1}{c}{Interest/Enjoyment}&\multicolumn{1}{c}{Perceived Choice}&\multicolumn{1}{c}{Pressure/Tension}&\multicolumn{1}{c}{Effort/Importance}\tabularnewline
\hline
\endhead
\hline
\multicolumn{7}{p{\linewidth}}{method:  spearman}\tabularnewline
\endfoot
\label{round}
Gains in Skill/Knowledge&$ 1.0000$&$-0.1594$&$-0.3114$&$-0.1451$&$-0.0789$&$ 0.0066$\tabularnewline
Intrinsic Motivation&$-0.1594$&$ 1.0000$&$ 0.7243$&$ 0.5417$&$-0.5454$&$ 0.3603$\tabularnewline
Interest/Enjoyment&$-0.3114$&$ 0.7243$&$ 1.0000$&$ 0.3686$&$-0.3930$&$ 0.0101$\tabularnewline
Perceived Choice&$-0.1451$&$ 0.5417$&$ 0.3686$&$ 1.0000$&$-0.0183$&$-0.1045$\tabularnewline
Pressure/Tension&$-0.0789$&$-0.5454$&$-0.3930$&$-0.0183$&$ 1.0000$&$ 0.1236$\tabularnewline
Effort/Importance&$ 0.0066$&$ 0.3603$&$ 0.0101$&$-0.1045$&$ 0.1236$&$ 1.0000$\tabularnewline
\hline
\end{longtable}}\end{landscape}

%latex.default(round(p_mat, 4), caption = paste("Correlation matrix with p-values",     "of", mod$title, in_title), size = "small", longtable = T,     ctable = F, landscape = T, insert.bottom = paste("method: ",         mod$method), where = "!htbp", file = filename, append = T)%
\setlongtables\begin{landscape}{\small
\begin{longtable}{lrrrrrr}\caption{Correlation matrix with p-values of Gains in Skill/Knowledge and Motivation for the group ont-gamified between participants' motivation and learning outcomes in the first empirical study} \tabularnewline
\hline\hline
\multicolumn{1}{l}{round}&\multicolumn{1}{c}{Gains in Skill/Knowledge}&\multicolumn{1}{c}{Intrinsic Motivation}&\multicolumn{1}{c}{Interest/Enjoyment}&\multicolumn{1}{c}{Perceived Choice}&\multicolumn{1}{c}{Pressure/Tension}&\multicolumn{1}{c}{Effort/Importance}\tabularnewline
\hline
\endfirsthead\caption[]{\em (continued)} \tabularnewline
\hline
\multicolumn{1}{l}{round}&\multicolumn{1}{c}{Gains in Skill/Knowledge}&\multicolumn{1}{c}{Intrinsic Motivation}&\multicolumn{1}{c}{Interest/Enjoyment}&\multicolumn{1}{c}{Perceived Choice}&\multicolumn{1}{c}{Pressure/Tension}&\multicolumn{1}{c}{Effort/Importance}\tabularnewline
\hline
\endhead
\hline
\multicolumn{7}{p{\linewidth}}{method:  spearman}\tabularnewline
\endfoot
\label{round}
Gains in Skill/Knowledge&$0.0000$&$0.4179$&$0.1067$&$0.4613$&$0.6898$&$0.9732$\tabularnewline
Intrinsic Motivation&$0.4179$&$0.0000$&$0.0000$&$0.0029$&$0.0027$&$0.0596$\tabularnewline
Interest/Enjoyment&$0.1067$&$0.0000$&$0.0000$&$0.0536$&$0.0386$&$0.9591$\tabularnewline
Perceived Choice&$0.4613$&$0.0029$&$0.0536$&$0.0000$&$0.9265$&$0.5966$\tabularnewline
Pressure/Tension&$0.6898$&$0.0027$&$0.0386$&$0.9265$&$0.0000$&$0.5307$\tabularnewline
Effort/Importance&$0.9732$&$0.0596$&$0.9591$&$0.5966$&$0.5307$&$0.0000$\tabularnewline
\hline
\end{longtable}}\end{landscape}

\section{Gains in Skill/Knowledge and Motivation for the group Apprentice}

%latex.default(round(M, 4), caption = paste("Correlation matrix",     "of", mod$title, in_title), size = "small", longtable = T,     ctable = F, landscape = T, insert.bottom = paste("method: ",         mod$method), where = "!htbp", file = filename, append = T)%
\setlongtables\begin{landscape}{\small
\begin{longtable}{lrrrrrr}\caption{Correlation matrix of Gains in Skill/Knowledge and Motivation for the group Apprentice between participants' motivation and learning outcomes in the first empirical study} \tabularnewline
\hline\hline
\multicolumn{1}{l}{round}&\multicolumn{1}{c}{Gains in Skill/Knowledge}&\multicolumn{1}{c}{Intrinsic Motivation}&\multicolumn{1}{c}{Interest/Enjoyment}&\multicolumn{1}{c}{Perceived Choice}&\multicolumn{1}{c}{Pressure/Tension}&\multicolumn{1}{c}{Effort/Importance}\tabularnewline
\hline
\endfirsthead\caption[]{\em (continued)} \tabularnewline
\hline
\multicolumn{1}{l}{round}&\multicolumn{1}{c}{Gains in Skill/Knowledge}&\multicolumn{1}{c}{Intrinsic Motivation}&\multicolumn{1}{c}{Interest/Enjoyment}&\multicolumn{1}{c}{Perceived Choice}&\multicolumn{1}{c}{Pressure/Tension}&\multicolumn{1}{c}{Effort/Importance}\tabularnewline
\hline
\endhead
\hline
\multicolumn{7}{p{\linewidth}}{method:  spearman}\tabularnewline
\endfoot
\label{round}
Gains in Skill/Knowledge&$ 1.0000$&$-0.0955$&$-0.0229$&$-0.1313$&$ 0.0023$&$ 0.1108$\tabularnewline
Intrinsic Motivation&$-0.0955$&$ 1.0000$&$ 0.7709$&$ 0.7494$&$-0.5034$&$ 0.4107$\tabularnewline
Interest/Enjoyment&$-0.0229$&$ 0.7709$&$ 1.0000$&$ 0.5082$&$-0.2016$&$ 0.1649$\tabularnewline
Perceived Choice&$-0.1313$&$ 0.7494$&$ 0.5082$&$ 1.0000$&$-0.2531$&$ 0.0989$\tabularnewline
Pressure/Tension&$ 0.0023$&$-0.5034$&$-0.2016$&$-0.2531$&$ 1.0000$&$-0.0306$\tabularnewline
Effort/Importance&$ 0.1108$&$ 0.4107$&$ 0.1649$&$ 0.0989$&$-0.0306$&$ 1.0000$\tabularnewline
\hline
\end{longtable}}\end{landscape}

%latex.default(round(p_mat, 4), caption = paste("Correlation matrix with p-values",     "of", mod$title, in_title), size = "small", longtable = T,     ctable = F, landscape = T, insert.bottom = paste("method: ",         mod$method), where = "!htbp", file = filename, append = T)%
\setlongtables\begin{landscape}{\small
\begin{longtable}{lrrrrrr}\caption{Correlation matrix with p-values of Gains in Skill/Knowledge and Motivation for the group Apprentice between participants' motivation and learning outcomes in the first empirical study} \tabularnewline
\hline\hline
\multicolumn{1}{l}{round}&\multicolumn{1}{c}{Gains in Skill/Knowledge}&\multicolumn{1}{c}{Intrinsic Motivation}&\multicolumn{1}{c}{Interest/Enjoyment}&\multicolumn{1}{c}{Perceived Choice}&\multicolumn{1}{c}{Pressure/Tension}&\multicolumn{1}{c}{Effort/Importance}\tabularnewline
\hline
\endfirsthead\caption[]{\em (continued)} \tabularnewline
\hline
\multicolumn{1}{l}{round}&\multicolumn{1}{c}{Gains in Skill/Knowledge}&\multicolumn{1}{c}{Intrinsic Motivation}&\multicolumn{1}{c}{Interest/Enjoyment}&\multicolumn{1}{c}{Perceived Choice}&\multicolumn{1}{c}{Pressure/Tension}&\multicolumn{1}{c}{Effort/Importance}\tabularnewline
\hline
\endhead
\hline
\multicolumn{7}{p{\linewidth}}{method:  spearman}\tabularnewline
\endfoot
\label{round}
Gains in Skill/Knowledge&$0.0000$&$0.6424$&$0.9117$&$0.5225$&$0.9912$&$0.5898$\tabularnewline
Intrinsic Motivation&$0.6424$&$0.0000$&$0.0000$&$0.0000$&$0.0088$&$0.0372$\tabularnewline
Interest/Enjoyment&$0.9117$&$0.0000$&$0.0000$&$0.0080$&$0.3235$&$0.4208$\tabularnewline
Perceived Choice&$0.5225$&$0.0000$&$0.0080$&$0.0000$&$0.2123$&$0.6306$\tabularnewline
Pressure/Tension&$0.9912$&$0.0088$&$0.3235$&$0.2123$&$0.0000$&$0.8821$\tabularnewline
Effort/Importance&$0.5898$&$0.0372$&$0.4208$&$0.6306$&$0.8821$&$0.0000$\tabularnewline
\hline
\end{longtable}}\end{landscape}

\section{Gains in Skill/Knowledge and Motivation for the group Master}

%latex.default(round(M, 4), caption = paste("Correlation matrix",     "of", mod$title, in_title), size = "small", longtable = T,     ctable = F, landscape = T, insert.bottom = paste("method: ",         mod$method), where = "!htbp", file = filename, append = T)%
\setlongtables\begin{landscape}{\small
\begin{longtable}{lrrrrrr}\caption{Correlation matrix of Gains in Skill/Knowledge and Motivation for the group Master between participants' motivation and learning outcomes in the first empirical study} \tabularnewline
\hline\hline
\multicolumn{1}{l}{round}&\multicolumn{1}{c}{Gains in Skill/Knowledge}&\multicolumn{1}{c}{Intrinsic Motivation}&\multicolumn{1}{c}{Interest/Enjoyment}&\multicolumn{1}{c}{Perceived Choice}&\multicolumn{1}{c}{Pressure/Tension}&\multicolumn{1}{c}{Effort/Importance}\tabularnewline
\hline
\endfirsthead\caption[]{\em (continued)} \tabularnewline
\hline
\multicolumn{1}{l}{round}&\multicolumn{1}{c}{Gains in Skill/Knowledge}&\multicolumn{1}{c}{Intrinsic Motivation}&\multicolumn{1}{c}{Interest/Enjoyment}&\multicolumn{1}{c}{Perceived Choice}&\multicolumn{1}{c}{Pressure/Tension}&\multicolumn{1}{c}{Effort/Importance}\tabularnewline
\hline
\endhead
\hline
\multicolumn{7}{p{\linewidth}}{method:  spearman}\tabularnewline
\endfoot
\label{round}
Gains in Skill/Knowledge&$ 1.0000$&$-0.1166$&$-0.2411$&$-0.2194$&$-0.0910$&$0.0274$\tabularnewline
Intrinsic Motivation&$-0.1166$&$ 1.0000$&$ 0.8112$&$ 0.6895$&$-0.4464$&$0.2553$\tabularnewline
Interest/Enjoyment&$-0.2411$&$ 0.8112$&$ 1.0000$&$ 0.4938$&$-0.3004$&$0.1051$\tabularnewline
Perceived Choice&$-0.2194$&$ 0.6895$&$ 0.4938$&$ 1.0000$&$-0.0502$&$0.0854$\tabularnewline
Pressure/Tension&$-0.0910$&$-0.4464$&$-0.3004$&$-0.0502$&$ 1.0000$&$0.4188$\tabularnewline
Effort/Importance&$ 0.0274$&$ 0.2553$&$ 0.1051$&$ 0.0854$&$ 0.4188$&$1.0000$\tabularnewline
\hline
\end{longtable}}\end{landscape}

%latex.default(round(p_mat, 4), caption = paste("Correlation matrix with p-values",     "of", mod$title, in_title), size = "small", longtable = T,     ctable = F, landscape = T, insert.bottom = paste("method: ",         mod$method), where = "!htbp", file = filename, append = T)%
\setlongtables\begin{landscape}{\small
\begin{longtable}{lrrrrrr}\caption{Correlation matrix with p-values of Gains in Skill/Knowledge and Motivation for the group Master between participants' motivation and learning outcomes in the first empirical study} \tabularnewline
\hline\hline
\multicolumn{1}{l}{round}&\multicolumn{1}{c}{Gains in Skill/Knowledge}&\multicolumn{1}{c}{Intrinsic Motivation}&\multicolumn{1}{c}{Interest/Enjoyment}&\multicolumn{1}{c}{Perceived Choice}&\multicolumn{1}{c}{Pressure/Tension}&\multicolumn{1}{c}{Effort/Importance}\tabularnewline
\hline
\endfirsthead\caption[]{\em (continued)} \tabularnewline
\hline
\multicolumn{1}{l}{round}&\multicolumn{1}{c}{Gains in Skill/Knowledge}&\multicolumn{1}{c}{Intrinsic Motivation}&\multicolumn{1}{c}{Interest/Enjoyment}&\multicolumn{1}{c}{Perceived Choice}&\multicolumn{1}{c}{Pressure/Tension}&\multicolumn{1}{c}{Effort/Importance}\tabularnewline
\hline
\endhead
\hline
\multicolumn{7}{p{\linewidth}}{method:  spearman}\tabularnewline
\endfoot
\label{round}
Gains in Skill/Knowledge&$0.0000$&$0.5873$&$0.2564$&$0.3031$&$0.6725$&$0.8987$\tabularnewline
Intrinsic Motivation&$0.5873$&$0.0000$&$0.0000$&$0.0002$&$0.0288$&$0.2286$\tabularnewline
Interest/Enjoyment&$0.2564$&$0.0000$&$0.0000$&$0.0142$&$0.1538$&$0.6250$\tabularnewline
Perceived Choice&$0.3031$&$0.0002$&$0.0142$&$0.0000$&$0.8157$&$0.6915$\tabularnewline
Pressure/Tension&$0.6725$&$0.0288$&$0.1538$&$0.8157$&$0.0000$&$0.0417$\tabularnewline
Effort/Importance&$0.8987$&$0.2286$&$0.6250$&$0.6915$&$0.0417$&$0.0000$\tabularnewline
\hline
\end{longtable}}\end{landscape}

\section{Gains in Skill/Knowledge and Motivation for the group non-gamified.Apprentice}

%latex.default(round(M, 4), caption = paste("Correlation matrix",     "of", mod$title, in_title), size = "small", longtable = T,     ctable = F, landscape = T, insert.bottom = paste("method: ",         mod$method), where = "!htbp", file = filename, append = T)%
\setlongtables\begin{landscape}{\small
\begin{longtable}{lrrrrrr}\caption{Correlation matrix of Gains in Skill/Knowledge and Motivation for the group non-gamified.Apprentice between participants' motivation and learning outcomes in the first empirical study} \tabularnewline
\hline\hline
\multicolumn{1}{l}{round}&\multicolumn{1}{c}{Gains in Skill/Knowledge}&\multicolumn{1}{c}{Intrinsic Motivation}&\multicolumn{1}{c}{Interest/Enjoyment}&\multicolumn{1}{c}{Perceived Choice}&\multicolumn{1}{c}{Pressure/Tension}&\multicolumn{1}{c}{Effort/Importance}\tabularnewline
\hline
\endfirsthead\caption[]{\em (continued)} \tabularnewline
\hline
\multicolumn{1}{l}{round}&\multicolumn{1}{c}{Gains in Skill/Knowledge}&\multicolumn{1}{c}{Intrinsic Motivation}&\multicolumn{1}{c}{Interest/Enjoyment}&\multicolumn{1}{c}{Perceived Choice}&\multicolumn{1}{c}{Pressure/Tension}&\multicolumn{1}{c}{Effort/Importance}\tabularnewline
\hline
\endhead
\hline
\multicolumn{7}{p{\linewidth}}{method:  spearman}\tabularnewline
\endfoot
\label{round}
Gains in Skill/Knowledge&$ 1.0000$&$ 0.1699$&$ 0.3899$&$ 0.0419$&$-0.1537$&$-0.1136$\tabularnewline
Intrinsic Motivation&$ 0.1699$&$ 1.0000$&$ 0.7524$&$ 0.7135$&$-0.5981$&$ 0.2573$\tabularnewline
Interest/Enjoyment&$ 0.3899$&$ 0.7524$&$ 1.0000$&$ 0.2954$&$-0.3165$&$ 0.1838$\tabularnewline
Perceived Choice&$ 0.0419$&$ 0.7135$&$ 0.2954$&$ 1.0000$&$-0.5426$&$ 0.0264$\tabularnewline
Pressure/Tension&$-0.1537$&$-0.5981$&$-0.3165$&$-0.5426$&$ 1.0000$&$ 0.3585$\tabularnewline
Effort/Importance&$-0.1136$&$ 0.2573$&$ 0.1838$&$ 0.0264$&$ 0.3585$&$ 1.0000$\tabularnewline
\hline
\end{longtable}}\end{landscape}

%latex.default(round(p_mat, 4), caption = paste("Correlation matrix with p-values",     "of", mod$title, in_title), size = "small", longtable = T,     ctable = F, landscape = T, insert.bottom = paste("method: ",         mod$method), where = "!htbp", file = filename, append = T)%
\setlongtables\begin{landscape}{\small
\begin{longtable}{lrrrrrr}\caption{Correlation matrix with p-values of Gains in Skill/Knowledge and Motivation for the group non-gamified.Apprentice between participants' motivation and learning outcomes in the first empirical study} \tabularnewline
\hline\hline
\multicolumn{1}{l}{round}&\multicolumn{1}{c}{Gains in Skill/Knowledge}&\multicolumn{1}{c}{Intrinsic Motivation}&\multicolumn{1}{c}{Interest/Enjoyment}&\multicolumn{1}{c}{Perceived Choice}&\multicolumn{1}{c}{Pressure/Tension}&\multicolumn{1}{c}{Effort/Importance}\tabularnewline
\hline
\endfirsthead\caption[]{\em (continued)} \tabularnewline
\hline
\multicolumn{1}{l}{round}&\multicolumn{1}{c}{Gains in Skill/Knowledge}&\multicolumn{1}{c}{Intrinsic Motivation}&\multicolumn{1}{c}{Interest/Enjoyment}&\multicolumn{1}{c}{Perceived Choice}&\multicolumn{1}{c}{Pressure/Tension}&\multicolumn{1}{c}{Effort/Importance}\tabularnewline
\hline
\endhead
\hline
\multicolumn{7}{p{\linewidth}}{method:  spearman}\tabularnewline
\endfoot
\label{round}
Gains in Skill/Knowledge&$0.0000$&$0.5789$&$0.1878$&$0.8919$&$0.6161$&$0.7117$\tabularnewline
Intrinsic Motivation&$0.5789$&$0.0000$&$0.0030$&$0.0062$&$0.0308$&$0.3961$\tabularnewline
Interest/Enjoyment&$0.1878$&$0.0030$&$0.0000$&$0.3271$&$0.2920$&$0.5477$\tabularnewline
Perceived Choice&$0.8919$&$0.0062$&$0.3271$&$0.0000$&$0.0554$&$0.9319$\tabularnewline
Pressure/Tension&$0.6161$&$0.0308$&$0.2920$&$0.0554$&$0.0000$&$0.2290$\tabularnewline
Effort/Importance&$0.7117$&$0.3961$&$0.5477$&$0.9319$&$0.2290$&$0.0000$\tabularnewline
\hline
\end{longtable}}\end{landscape}

\section{Gains in Skill/Knowledge and Motivation for the group non-gamified.Master}

%latex.default(round(M, 4), caption = paste("Correlation matrix",     "of", mod$title, in_title), size = "small", longtable = T,     ctable = F, landscape = T, insert.bottom = paste("method: ",         mod$method), where = "!htbp", file = filename, append = T)%
\setlongtables\begin{landscape}{\small
\begin{longtable}{lrrrrrr}\caption{Correlation matrix of Gains in Skill/Knowledge and Motivation for the group non-gamified.Master between participants' motivation and learning outcomes in the first empirical study} \tabularnewline
\hline\hline
\multicolumn{1}{l}{round}&\multicolumn{1}{c}{Gains in Skill/Knowledge}&\multicolumn{1}{c}{Intrinsic Motivation}&\multicolumn{1}{c}{Interest/Enjoyment}&\multicolumn{1}{c}{Perceived Choice}&\multicolumn{1}{c}{Pressure/Tension}&\multicolumn{1}{c}{Effort/Importance}\tabularnewline
\hline
\endfirsthead\caption[]{\em (continued)} \tabularnewline
\hline
\multicolumn{1}{l}{round}&\multicolumn{1}{c}{Gains in Skill/Knowledge}&\multicolumn{1}{c}{Intrinsic Motivation}&\multicolumn{1}{c}{Interest/Enjoyment}&\multicolumn{1}{c}{Perceived Choice}&\multicolumn{1}{c}{Pressure/Tension}&\multicolumn{1}{c}{Effort/Importance}\tabularnewline
\hline
\endhead
\hline
\multicolumn{7}{p{\linewidth}}{method:  spearman}\tabularnewline
\endfoot
\label{round}
Gains in Skill/Knowledge&$ 1.0000$&$-0.1500$&$-0.2510$&$-0.4790$&$-0.1881$&$ 0.3521$\tabularnewline
Intrinsic Motivation&$-0.1500$&$ 1.0000$&$ 0.8787$&$ 0.7227$&$-0.1966$&$ 0.5582$\tabularnewline
Interest/Enjoyment&$-0.2510$&$ 0.8787$&$ 1.0000$&$ 0.6498$&$ 0.0215$&$ 0.4915$\tabularnewline
Perceived Choice&$-0.4790$&$ 0.7227$&$ 0.6498$&$ 1.0000$&$-0.3018$&$-0.1126$\tabularnewline
Pressure/Tension&$-0.1881$&$-0.1966$&$ 0.0215$&$-0.3018$&$ 1.0000$&$ 0.3260$\tabularnewline
Effort/Importance&$ 0.3521$&$ 0.5582$&$ 0.4915$&$-0.1126$&$ 0.3260$&$ 1.0000$\tabularnewline
\hline
\end{longtable}}\end{landscape}

%latex.default(round(p_mat, 4), caption = paste("Correlation matrix with p-values",     "of", mod$title, in_title), size = "small", longtable = T,     ctable = F, landscape = T, insert.bottom = paste("method: ",         mod$method), where = "!htbp", file = filename, append = T)%
\setlongtables\begin{landscape}{\small
\begin{longtable}{lrrrrrr}\caption{Correlation matrix with p-values of Gains in Skill/Knowledge and Motivation for the group non-gamified.Master between participants' motivation and learning outcomes in the first empirical study} \tabularnewline
\hline\hline
\multicolumn{1}{l}{round}&\multicolumn{1}{c}{Gains in Skill/Knowledge}&\multicolumn{1}{c}{Intrinsic Motivation}&\multicolumn{1}{c}{Interest/Enjoyment}&\multicolumn{1}{c}{Perceived Choice}&\multicolumn{1}{c}{Pressure/Tension}&\multicolumn{1}{c}{Effort/Importance}\tabularnewline
\hline
\endfirsthead\caption[]{\em (continued)} \tabularnewline
\hline
\multicolumn{1}{l}{round}&\multicolumn{1}{c}{Gains in Skill/Knowledge}&\multicolumn{1}{c}{Intrinsic Motivation}&\multicolumn{1}{c}{Interest/Enjoyment}&\multicolumn{1}{c}{Perceived Choice}&\multicolumn{1}{c}{Pressure/Tension}&\multicolumn{1}{c}{Effort/Importance}\tabularnewline
\hline
\endhead
\hline
\multicolumn{7}{p{\linewidth}}{method:  spearman}\tabularnewline
\endfoot
\label{round}
Gains in Skill/Knowledge&$0.0000$&$0.7081$&$0.5147$&$0.1920$&$0.6279$&$0.3528$\tabularnewline
Intrinsic Motivation&$0.7081$&$0.0000$&$0.0018$&$0.0278$&$0.6121$&$0.1183$\tabularnewline
Interest/Enjoyment&$0.5147$&$0.0018$&$0.0000$&$0.0582$&$0.9563$&$0.1790$\tabularnewline
Perceived Choice&$0.1920$&$0.0278$&$0.0582$&$0.0000$&$0.4300$&$0.7731$\tabularnewline
Pressure/Tension&$0.6279$&$0.6121$&$0.9563$&$0.4300$&$0.0000$&$0.3919$\tabularnewline
Effort/Importance&$0.3528$&$0.1183$&$0.1790$&$0.7731$&$0.3919$&$0.0000$\tabularnewline
\hline
\end{longtable}}\end{landscape}

\section{Gains in Skill/Knowledge and Motivation for the group ont-gamified.Apprentice}

%latex.default(round(M, 4), caption = paste("Correlation matrix",     "of", mod$title, in_title), size = "small", longtable = T,     ctable = F, landscape = T, insert.bottom = paste("method: ",         mod$method), where = "!htbp", file = filename, append = T)%
\setlongtables\begin{landscape}{\small
\begin{longtable}{lrrrrrr}\caption{Correlation matrix of Gains in Skill/Knowledge and Motivation for the group ont-gamified.Apprentice between participants' motivation and learning outcomes in the first empirical study} \tabularnewline
\hline\hline
\multicolumn{1}{l}{round}&\multicolumn{1}{c}{Gains in Skill/Knowledge}&\multicolumn{1}{c}{Intrinsic Motivation}&\multicolumn{1}{c}{Interest/Enjoyment}&\multicolumn{1}{c}{Perceived Choice}&\multicolumn{1}{c}{Pressure/Tension}&\multicolumn{1}{c}{Effort/Importance}\tabularnewline
\hline
\endfirsthead\caption[]{\em (continued)} \tabularnewline
\hline
\multicolumn{1}{l}{round}&\multicolumn{1}{c}{Gains in Skill/Knowledge}&\multicolumn{1}{c}{Intrinsic Motivation}&\multicolumn{1}{c}{Interest/Enjoyment}&\multicolumn{1}{c}{Perceived Choice}&\multicolumn{1}{c}{Pressure/Tension}&\multicolumn{1}{c}{Effort/Importance}\tabularnewline
\hline
\endhead
\hline
\multicolumn{7}{p{\linewidth}}{method:  spearman}\tabularnewline
\endfoot
\label{round}
Gains in Skill/Knowledge&$ 1.0000$&$-0.4451$&$-0.3333$&$-0.3435$&$ 0.2918$&$ 0.1365$\tabularnewline
Intrinsic Motivation&$-0.4451$&$ 1.0000$&$ 0.7466$&$ 0.6648$&$-0.3546$&$ 0.5767$\tabularnewline
Interest/Enjoyment&$-0.3333$&$ 0.7466$&$ 1.0000$&$ 0.7278$&$-0.0991$&$ 0.1704$\tabularnewline
Perceived Choice&$-0.3435$&$ 0.6648$&$ 0.7278$&$ 1.0000$&$ 0.2025$&$ 0.0337$\tabularnewline
Pressure/Tension&$ 0.2918$&$-0.3546$&$-0.0991$&$ 0.2025$&$ 1.0000$&$-0.1909$\tabularnewline
Effort/Importance&$ 0.1365$&$ 0.5767$&$ 0.1704$&$ 0.0337$&$-0.1909$&$ 1.0000$\tabularnewline
\hline
\end{longtable}}\end{landscape}

%latex.default(round(p_mat, 4), caption = paste("Correlation matrix with p-values",     "of", mod$title, in_title), size = "small", longtable = T,     ctable = F, landscape = T, insert.bottom = paste("method: ",         mod$method), where = "!htbp", file = filename, append = T)%
\setlongtables\begin{landscape}{\small
\begin{longtable}{lrrrrrr}\caption{Correlation matrix with p-values of Gains in Skill/Knowledge and Motivation for the group ont-gamified.Apprentice between participants' motivation and learning outcomes in the first empirical study} \tabularnewline
\hline\hline
\multicolumn{1}{l}{round}&\multicolumn{1}{c}{Gains in Skill/Knowledge}&\multicolumn{1}{c}{Intrinsic Motivation}&\multicolumn{1}{c}{Interest/Enjoyment}&\multicolumn{1}{c}{Perceived Choice}&\multicolumn{1}{c}{Pressure/Tension}&\multicolumn{1}{c}{Effort/Importance}\tabularnewline
\hline
\endfirsthead\caption[]{\em (continued)} \tabularnewline
\hline
\multicolumn{1}{l}{round}&\multicolumn{1}{c}{Gains in Skill/Knowledge}&\multicolumn{1}{c}{Intrinsic Motivation}&\multicolumn{1}{c}{Interest/Enjoyment}&\multicolumn{1}{c}{Perceived Choice}&\multicolumn{1}{c}{Pressure/Tension}&\multicolumn{1}{c}{Effort/Importance}\tabularnewline
\hline
\endhead
\hline
\multicolumn{7}{p{\linewidth}}{method:  spearman}\tabularnewline
\endfoot
\label{round}
Gains in Skill/Knowledge&$0.0000$&$0.1298$&$0.2657$&$0.2505$&$0.3333$&$0.6566$\tabularnewline
Intrinsic Motivation&$0.1298$&$0.0000$&$0.0034$&$0.0132$&$0.2345$&$0.0391$\tabularnewline
Interest/Enjoyment&$0.2657$&$0.0034$&$0.0000$&$0.0048$&$0.7473$&$0.5778$\tabularnewline
Perceived Choice&$0.2505$&$0.0132$&$0.0048$&$0.0000$&$0.5070$&$0.9129$\tabularnewline
Pressure/Tension&$0.3333$&$0.2345$&$0.7473$&$0.5070$&$0.0000$&$0.5321$\tabularnewline
Effort/Importance&$0.6566$&$0.0391$&$0.5778$&$0.9129$&$0.5321$&$0.0000$\tabularnewline
\hline
\end{longtable}}\end{landscape}

\section{Gains in Skill/Knowledge and Motivation for the group ont-gamified.Master}

%latex.default(round(M, 4), caption = paste("Correlation matrix",     "of", mod$title, in_title), size = "small", longtable = T,     ctable = F, landscape = T, insert.bottom = paste("method: ",         mod$method), where = "!htbp", file = filename, append = T)%
\setlongtables\begin{landscape}{\small
\begin{longtable}{lrrrrrr}\caption{Correlation matrix of Gains in Skill/Knowledge and Motivation for the group ont-gamified.Master between participants' motivation and learning outcomes in the first empirical study} \tabularnewline
\hline\hline
\multicolumn{1}{l}{round}&\multicolumn{1}{c}{Gains in Skill/Knowledge}&\multicolumn{1}{c}{Intrinsic Motivation}&\multicolumn{1}{c}{Interest/Enjoyment}&\multicolumn{1}{c}{Perceived Choice}&\multicolumn{1}{c}{Pressure/Tension}&\multicolumn{1}{c}{Effort/Importance}\tabularnewline
\hline
\endfirsthead\caption[]{\em (continued)} \tabularnewline
\hline
\multicolumn{1}{l}{round}&\multicolumn{1}{c}{Gains in Skill/Knowledge}&\multicolumn{1}{c}{Intrinsic Motivation}&\multicolumn{1}{c}{Interest/Enjoyment}&\multicolumn{1}{c}{Perceived Choice}&\multicolumn{1}{c}{Pressure/Tension}&\multicolumn{1}{c}{Effort/Importance}\tabularnewline
\hline
\endhead
\hline
\multicolumn{7}{p{\linewidth}}{method:  spearman}\tabularnewline
\endfoot
\label{round}
Gains in Skill/Knowledge&$ 1.0000$&$-0.0215$&$-0.1213$&$-0.0898$&$-0.1618$&$-0.2577$\tabularnewline
Intrinsic Motivation&$-0.0215$&$ 1.0000$&$ 0.7081$&$ 0.4919$&$-0.6983$&$ 0.1197$\tabularnewline
Interest/Enjoyment&$-0.1213$&$ 0.7081$&$ 1.0000$&$ 0.0903$&$-0.6576$&$-0.0808$\tabularnewline
Perceived Choice&$-0.0898$&$ 0.4919$&$ 0.0903$&$ 1.0000$&$-0.0731$&$-0.1580$\tabularnewline
Pressure/Tension&$-0.1618$&$-0.6983$&$-0.6576$&$-0.0731$&$ 1.0000$&$ 0.3355$\tabularnewline
Effort/Importance&$-0.2577$&$ 0.1197$&$-0.0808$&$-0.1580$&$ 0.3355$&$ 1.0000$\tabularnewline
\hline
\end{longtable}}\end{landscape}

%latex.default(round(p_mat, 4), caption = paste("Correlation matrix with p-values",     "of", mod$title, in_title), size = "small", longtable = T,     ctable = F, landscape = T, insert.bottom = paste("method: ",         mod$method), where = "!htbp", file = filename, append = T)%
\setlongtables\begin{landscape}{\small
\begin{longtable}{lrrrrrr}\caption{Correlation matrix with p-values of Gains in Skill/Knowledge and Motivation for the group ont-gamified.Master between participants' motivation and learning outcomes in the first empirical study} \tabularnewline
\hline\hline
\multicolumn{1}{l}{round}&\multicolumn{1}{c}{Gains in Skill/Knowledge}&\multicolumn{1}{c}{Intrinsic Motivation}&\multicolumn{1}{c}{Interest/Enjoyment}&\multicolumn{1}{c}{Perceived Choice}&\multicolumn{1}{c}{Pressure/Tension}&\multicolumn{1}{c}{Effort/Importance}\tabularnewline
\hline
\endfirsthead\caption[]{\em (continued)} \tabularnewline
\hline
\multicolumn{1}{l}{round}&\multicolumn{1}{c}{Gains in Skill/Knowledge}&\multicolumn{1}{c}{Intrinsic Motivation}&\multicolumn{1}{c}{Interest/Enjoyment}&\multicolumn{1}{c}{Perceived Choice}&\multicolumn{1}{c}{Pressure/Tension}&\multicolumn{1}{c}{Effort/Importance}\tabularnewline
\hline
\endhead
\hline
\multicolumn{7}{p{\linewidth}}{method:  spearman}\tabularnewline
\endfoot
\label{round}
Gains in Skill/Knowledge&$0.0000$&$0.9393$&$0.6667$&$0.7502$&$0.5644$&$0.3538$\tabularnewline
Intrinsic Motivation&$0.9393$&$0.0000$&$0.0031$&$0.0625$&$0.0038$&$0.6710$\tabularnewline
Interest/Enjoyment&$0.6667$&$0.0031$&$0.0000$&$0.7491$&$0.0077$&$0.7746$\tabularnewline
Perceived Choice&$0.7502$&$0.0625$&$0.7491$&$0.0000$&$0.7958$&$0.5737$\tabularnewline
Pressure/Tension&$0.5644$&$0.0038$&$0.0077$&$0.7958$&$0.0000$&$0.2215$\tabularnewline
Effort/Importance&$0.3538$&$0.6710$&$0.7746$&$0.5737$&$0.2215$&$0.0000$\tabularnewline
\hline
\end{longtable}}\end{landscape}

\end{document}
