
\documentclass[6pt,a4paper]{article}
\usepackage[a4paper,margin=0.54cm]{geometry}
\usepackage{longtable}
\usepackage{rotating}
\usepackage{pdflscape}
\usepackage{ctable}
\title{Summary of correlation analysis between participants' motivation and learning outcomes in the pilot empirical study }
\date{}
\begin{document}

\maketitle


\section{Difference of Scores and Motivation}

%latex.default(round(M, 4), caption = paste("Correlation matrix",     "of", mod$title, in_title), size = "scriptsize", longtable = T,     ctable = F, landscape = F, insert.bottom = paste("method: ",         mod$method), where = "!htbp", file = filename, append = T)%
\setlongtables{\scriptsize
\begin{longtable}{lrrrrrr}\caption{Correlation matrix of Difference of Scores and Motivation between participants' motivation and learning outcomes in the pilot empirical study} \tabularnewline
\hline\hline
\multicolumn{1}{l}{round}&\multicolumn{1}{c}{Diff of Scores}&\multicolumn{1}{c}{Intrinsic Motivation}&\multicolumn{1}{c}{Interest/Enjoyment}&\multicolumn{1}{c}{Perceived Choice}&\multicolumn{1}{c}{Pressure/Tension}&\multicolumn{1}{c}{Effort/Importance}\tabularnewline
\hline
\endfirsthead\caption[]{\em (continued)} \tabularnewline
\hline
\multicolumn{1}{l}{round}&\multicolumn{1}{c}{Diff of Scores}&\multicolumn{1}{c}{Intrinsic Motivation}&\multicolumn{1}{c}{Interest/Enjoyment}&\multicolumn{1}{c}{Perceived Choice}&\multicolumn{1}{c}{Pressure/Tension}&\multicolumn{1}{c}{Effort/Importance}\tabularnewline
\hline
\endhead
\hline
\multicolumn{7}{p{\linewidth}}{method:  spearman}\tabularnewline
\endfoot
\label{round}
Diff of Scores&$ 1.0000$&$-0.2984$&$-0.2613$&$-0.2956$&$ 0.1979$&$0.0266$\tabularnewline
Intrinsic Motivation&$-0.2984$&$ 1.0000$&$ 0.8533$&$ 0.7173$&$-0.6191$&$0.4526$\tabularnewline
Interest/Enjoyment&$-0.2613$&$ 0.8533$&$ 1.0000$&$ 0.3995$&$-0.3812$&$0.3517$\tabularnewline
Perceived Choice&$-0.2956$&$ 0.7173$&$ 0.3995$&$ 1.0000$&$-0.5210$&$0.1448$\tabularnewline
Pressure/Tension&$ 0.1979$&$-0.6191$&$-0.3812$&$-0.5210$&$ 1.0000$&$0.0342$\tabularnewline
Effort/Importance&$ 0.0266$&$ 0.4526$&$ 0.3517$&$ 0.1448$&$ 0.0342$&$1.0000$\tabularnewline
\hline
\end{longtable}}

%latex.default(round(p_mat, 4), caption = paste("Correlation matrix with p-values",     "of", mod$title, in_title), size = "scriptsize", longtable = T,     ctable = F, landscape = F, insert.bottom = paste("method: ",         mod$method), where = "!htbp", file = filename, append = T)%
\setlongtables{\scriptsize
\begin{longtable}{lrrrrrr}\caption{Correlation matrix with p-values of Difference of Scores and Motivation between participants' motivation and learning outcomes in the pilot empirical study} \tabularnewline
\hline\hline
\multicolumn{1}{l}{round}&\multicolumn{1}{c}{Diff of Scores}&\multicolumn{1}{c}{Intrinsic Motivation}&\multicolumn{1}{c}{Interest/Enjoyment}&\multicolumn{1}{c}{Perceived Choice}&\multicolumn{1}{c}{Pressure/Tension}&\multicolumn{1}{c}{Effort/Importance}\tabularnewline
\hline
\endfirsthead\caption[]{\em (continued)} \tabularnewline
\hline
\multicolumn{1}{l}{round}&\multicolumn{1}{c}{Diff of Scores}&\multicolumn{1}{c}{Intrinsic Motivation}&\multicolumn{1}{c}{Interest/Enjoyment}&\multicolumn{1}{c}{Perceived Choice}&\multicolumn{1}{c}{Pressure/Tension}&\multicolumn{1}{c}{Effort/Importance}\tabularnewline
\hline
\endhead
\hline
\multicolumn{7}{p{\linewidth}}{method:  spearman}\tabularnewline
\endfoot
\label{round}
Diff of Scores&$0.0000$&$0.1305$&$0.1879$&$0.1345$&$0.3224$&$0.8951$\tabularnewline
Intrinsic Motivation&$0.1305$&$0.0000$&$0.0000$&$0.0000$&$0.0006$&$0.0178$\tabularnewline
Interest/Enjoyment&$0.1879$&$0.0000$&$0.0000$&$0.0390$&$0.0498$&$0.0720$\tabularnewline
Perceived Choice&$0.1345$&$0.0000$&$0.0390$&$0.0000$&$0.0053$&$0.4712$\tabularnewline
Pressure/Tension&$0.3224$&$0.0006$&$0.0498$&$0.0053$&$0.0000$&$0.8654$\tabularnewline
Effort/Importance&$0.8951$&$0.0178$&$0.0720$&$0.4712$&$0.8654$&$0.0000$\tabularnewline
\hline
\end{longtable}}

\section{Difference of Scores and Motivation for the group non-gamified}

%latex.default(round(M, 4), caption = paste("Correlation matrix",     "of", mod$title, in_title), size = "scriptsize", longtable = T,     ctable = F, landscape = F, insert.bottom = paste("method: ",         mod$method), where = "!htbp", file = filename, append = T)%
\setlongtables{\scriptsize
\begin{longtable}{lrrrrrr}\caption{Correlation matrix of Difference of Scores and Motivation for the group non-gamified between participants' motivation and learning outcomes in the pilot empirical study} \tabularnewline
\hline\hline
\multicolumn{1}{l}{round}&\multicolumn{1}{c}{Diff of Scores}&\multicolumn{1}{c}{Intrinsic Motivation}&\multicolumn{1}{c}{Interest/Enjoyment}&\multicolumn{1}{c}{Perceived Choice}&\multicolumn{1}{c}{Pressure/Tension}&\multicolumn{1}{c}{Effort/Importance}\tabularnewline
\hline
\endfirsthead\caption[]{\em (continued)} \tabularnewline
\hline
\multicolumn{1}{l}{round}&\multicolumn{1}{c}{Diff of Scores}&\multicolumn{1}{c}{Intrinsic Motivation}&\multicolumn{1}{c}{Interest/Enjoyment}&\multicolumn{1}{c}{Perceived Choice}&\multicolumn{1}{c}{Pressure/Tension}&\multicolumn{1}{c}{Effort/Importance}\tabularnewline
\hline
\endhead
\hline
\multicolumn{7}{p{\linewidth}}{method:  spearman}\tabularnewline
\endfoot
\label{round}
Diff of Scores&$ 1.0000$&$-0.0386$&$-0.0180$&$ 0.0875$&$-0.0512$&$-0.2006$\tabularnewline
Intrinsic Motivation&$-0.0386$&$ 1.0000$&$ 0.6860$&$ 0.7867$&$-0.5572$&$ 0.4303$\tabularnewline
Interest/Enjoyment&$-0.0180$&$ 0.6860$&$ 1.0000$&$ 0.2833$&$-0.0041$&$ 0.3389$\tabularnewline
Perceived Choice&$ 0.0875$&$ 0.7867$&$ 0.2833$&$ 1.0000$&$-0.4979$&$ 0.2253$\tabularnewline
Pressure/Tension&$-0.0512$&$-0.5572$&$-0.0041$&$-0.4979$&$ 1.0000$&$ 0.1205$\tabularnewline
Effort/Importance&$-0.2006$&$ 0.4303$&$ 0.3389$&$ 0.2253$&$ 0.1205$&$ 1.0000$\tabularnewline
\hline
\end{longtable}}

%latex.default(round(p_mat, 4), caption = paste("Correlation matrix with p-values",     "of", mod$title, in_title), size = "scriptsize", longtable = T,     ctable = F, landscape = F, insert.bottom = paste("method: ",         mod$method), where = "!htbp", file = filename, append = T)%
\setlongtables{\scriptsize
\begin{longtable}{lrrrrrr}\caption{Correlation matrix with p-values of Difference of Scores and Motivation for the group non-gamified between participants' motivation and learning outcomes in the pilot empirical study} \tabularnewline
\hline\hline
\multicolumn{1}{l}{round}&\multicolumn{1}{c}{Diff of Scores}&\multicolumn{1}{c}{Intrinsic Motivation}&\multicolumn{1}{c}{Interest/Enjoyment}&\multicolumn{1}{c}{Perceived Choice}&\multicolumn{1}{c}{Pressure/Tension}&\multicolumn{1}{c}{Effort/Importance}\tabularnewline
\hline
\endfirsthead\caption[]{\em (continued)} \tabularnewline
\hline
\multicolumn{1}{l}{round}&\multicolumn{1}{c}{Diff of Scores}&\multicolumn{1}{c}{Intrinsic Motivation}&\multicolumn{1}{c}{Interest/Enjoyment}&\multicolumn{1}{c}{Perceived Choice}&\multicolumn{1}{c}{Pressure/Tension}&\multicolumn{1}{c}{Effort/Importance}\tabularnewline
\hline
\endhead
\hline
\multicolumn{7}{p{\linewidth}}{method:  spearman}\tabularnewline
\endfoot
\label{round}
Diff of Scores&$0.0000$&$0.9005$&$0.9536$&$0.7762$&$0.8681$&$0.5112$\tabularnewline
Intrinsic Motivation&$0.9005$&$0.0000$&$0.0096$&$0.0014$&$0.0479$&$0.1421$\tabularnewline
Interest/Enjoyment&$0.9536$&$0.0096$&$0.0000$&$0.3482$&$0.9893$&$0.2574$\tabularnewline
Perceived Choice&$0.7762$&$0.0014$&$0.3482$&$0.0000$&$0.0833$&$0.4592$\tabularnewline
Pressure/Tension&$0.8681$&$0.0479$&$0.9893$&$0.0833$&$0.0000$&$0.6950$\tabularnewline
Effort/Importance&$0.5112$&$0.1421$&$0.2574$&$0.4592$&$0.6950$&$0.0000$\tabularnewline
\hline
\end{longtable}}

\section{Difference of Scores and Motivation for the group ont-gamified}

%latex.default(round(M, 4), caption = paste("Correlation matrix",     "of", mod$title, in_title), size = "scriptsize", longtable = T,     ctable = F, landscape = F, insert.bottom = paste("method: ",         mod$method), where = "!htbp", file = filename, append = T)%
\setlongtables{\scriptsize
\begin{longtable}{lrrrrrr}\caption{Correlation matrix of Difference of Scores and Motivation for the group ont-gamified between participants' motivation and learning outcomes in the pilot empirical study} \tabularnewline
\hline\hline
\multicolumn{1}{l}{round}&\multicolumn{1}{c}{Diff of Scores}&\multicolumn{1}{c}{Intrinsic Motivation}&\multicolumn{1}{c}{Interest/Enjoyment}&\multicolumn{1}{c}{Perceived Choice}&\multicolumn{1}{c}{Pressure/Tension}&\multicolumn{1}{c}{Effort/Importance}\tabularnewline
\hline
\endfirsthead\caption[]{\em (continued)} \tabularnewline
\hline
\multicolumn{1}{l}{round}&\multicolumn{1}{c}{Diff of Scores}&\multicolumn{1}{c}{Intrinsic Motivation}&\multicolumn{1}{c}{Interest/Enjoyment}&\multicolumn{1}{c}{Perceived Choice}&\multicolumn{1}{c}{Pressure/Tension}&\multicolumn{1}{c}{Effort/Importance}\tabularnewline
\hline
\endhead
\hline
\multicolumn{7}{p{\linewidth}}{method:  spearman}\tabularnewline
\endfoot
\label{round}
Diff of Scores&$ 1.0000$&$-0.3656$&$-0.3980$&$-0.3496$&$ 0.2730$&$0.2439$\tabularnewline
Intrinsic Motivation&$-0.3656$&$ 1.0000$&$ 0.7855$&$ 0.6556$&$-0.5692$&$0.5445$\tabularnewline
Interest/Enjoyment&$-0.3980$&$ 0.7855$&$ 1.0000$&$ 0.2950$&$-0.4024$&$0.3092$\tabularnewline
Perceived Choice&$-0.3496$&$ 0.6556$&$ 0.2950$&$ 1.0000$&$-0.3471$&$0.2355$\tabularnewline
Pressure/Tension&$ 0.2730$&$-0.5692$&$-0.4024$&$-0.3471$&$ 1.0000$&$0.0045$\tabularnewline
Effort/Importance&$ 0.2439$&$ 0.5445$&$ 0.3092$&$ 0.2355$&$ 0.0045$&$1.0000$\tabularnewline
\hline
\end{longtable}}

%latex.default(round(p_mat, 4), caption = paste("Correlation matrix with p-values",     "of", mod$title, in_title), size = "scriptsize", longtable = T,     ctable = F, landscape = F, insert.bottom = paste("method: ",         mod$method), where = "!htbp", file = filename, append = T)%
\setlongtables{\scriptsize
\begin{longtable}{lrrrrrr}\caption{Correlation matrix with p-values of Difference of Scores and Motivation for the group ont-gamified between participants' motivation and learning outcomes in the pilot empirical study} \tabularnewline
\hline\hline
\multicolumn{1}{l}{round}&\multicolumn{1}{c}{Diff of Scores}&\multicolumn{1}{c}{Intrinsic Motivation}&\multicolumn{1}{c}{Interest/Enjoyment}&\multicolumn{1}{c}{Perceived Choice}&\multicolumn{1}{c}{Pressure/Tension}&\multicolumn{1}{c}{Effort/Importance}\tabularnewline
\hline
\endfirsthead\caption[]{\em (continued)} \tabularnewline
\hline
\multicolumn{1}{l}{round}&\multicolumn{1}{c}{Diff of Scores}&\multicolumn{1}{c}{Intrinsic Motivation}&\multicolumn{1}{c}{Interest/Enjoyment}&\multicolumn{1}{c}{Perceived Choice}&\multicolumn{1}{c}{Pressure/Tension}&\multicolumn{1}{c}{Effort/Importance}\tabularnewline
\hline
\endhead
\hline
\multicolumn{7}{p{\linewidth}}{method:  spearman}\tabularnewline
\endfoot
\label{round}
Diff of Scores&$0.0000$&$0.1986$&$0.1587$&$0.2205$&$0.3449$&$0.4008$\tabularnewline
Intrinsic Motivation&$0.1986$&$0.0000$&$0.0009$&$0.0109$&$0.0336$&$0.0441$\tabularnewline
Interest/Enjoyment&$0.1587$&$0.0009$&$0.0000$&$0.3058$&$0.1537$&$0.2820$\tabularnewline
Perceived Choice&$0.2205$&$0.0109$&$0.3058$&$0.0000$&$0.2241$&$0.4177$\tabularnewline
Pressure/Tension&$0.3449$&$0.0336$&$0.1537$&$0.2241$&$0.0000$&$0.9879$\tabularnewline
Effort/Importance&$0.4008$&$0.0441$&$0.2820$&$0.4177$&$0.9879$&$0.0000$\tabularnewline
\hline
\end{longtable}}

\section{Difference of Scores and Motivation for the group Apprentice}

%latex.default(round(M, 4), caption = paste("Correlation matrix",     "of", mod$title, in_title), size = "scriptsize", longtable = T,     ctable = F, landscape = F, insert.bottom = paste("method: ",         mod$method), where = "!htbp", file = filename, append = T)%
\setlongtables{\scriptsize
\begin{longtable}{lrrrrrr}\caption{Correlation matrix of Difference of Scores and Motivation for the group Apprentice between participants' motivation and learning outcomes in the pilot empirical study} \tabularnewline
\hline\hline
\multicolumn{1}{l}{round}&\multicolumn{1}{c}{Diff of Scores}&\multicolumn{1}{c}{Intrinsic Motivation}&\multicolumn{1}{c}{Interest/Enjoyment}&\multicolumn{1}{c}{Perceived Choice}&\multicolumn{1}{c}{Pressure/Tension}&\multicolumn{1}{c}{Effort/Importance}\tabularnewline
\hline
\endfirsthead\caption[]{\em (continued)} \tabularnewline
\hline
\multicolumn{1}{l}{round}&\multicolumn{1}{c}{Diff of Scores}&\multicolumn{1}{c}{Intrinsic Motivation}&\multicolumn{1}{c}{Interest/Enjoyment}&\multicolumn{1}{c}{Perceived Choice}&\multicolumn{1}{c}{Pressure/Tension}&\multicolumn{1}{c}{Effort/Importance}\tabularnewline
\hline
\endhead
\hline
\multicolumn{7}{p{\linewidth}}{method:  spearman}\tabularnewline
\endfoot
\label{round}
Diff of Scores&$ 1.0000$&$-0.1572$&$-0.1059$&$-0.2001$&$ 0.2228$&$0.1992$\tabularnewline
Intrinsic Motivation&$-0.1572$&$ 1.0000$&$ 0.7982$&$ 0.6636$&$-0.6160$&$0.5416$\tabularnewline
Interest/Enjoyment&$-0.1059$&$ 0.7982$&$ 1.0000$&$ 0.2533$&$-0.3271$&$0.4711$\tabularnewline
Perceived Choice&$-0.2001$&$ 0.6636$&$ 0.2533$&$ 1.0000$&$-0.5000$&$0.1643$\tabularnewline
Pressure/Tension&$ 0.2228$&$-0.6160$&$-0.3271$&$-0.5000$&$ 1.0000$&$0.0311$\tabularnewline
Effort/Importance&$ 0.1992$&$ 0.5416$&$ 0.4711$&$ 0.1643$&$ 0.0311$&$1.0000$\tabularnewline
\hline
\end{longtable}}

%latex.default(round(p_mat, 4), caption = paste("Correlation matrix with p-values",     "of", mod$title, in_title), size = "scriptsize", longtable = T,     ctable = F, landscape = F, insert.bottom = paste("method: ",         mod$method), where = "!htbp", file = filename, append = T)%
\setlongtables{\scriptsize
\begin{longtable}{lrrrrrr}\caption{Correlation matrix with p-values of Difference of Scores and Motivation for the group Apprentice between participants' motivation and learning outcomes in the pilot empirical study} \tabularnewline
\hline\hline
\multicolumn{1}{l}{round}&\multicolumn{1}{c}{Diff of Scores}&\multicolumn{1}{c}{Intrinsic Motivation}&\multicolumn{1}{c}{Interest/Enjoyment}&\multicolumn{1}{c}{Perceived Choice}&\multicolumn{1}{c}{Pressure/Tension}&\multicolumn{1}{c}{Effort/Importance}\tabularnewline
\hline
\endfirsthead\caption[]{\em (continued)} \tabularnewline
\hline
\multicolumn{1}{l}{round}&\multicolumn{1}{c}{Diff of Scores}&\multicolumn{1}{c}{Intrinsic Motivation}&\multicolumn{1}{c}{Interest/Enjoyment}&\multicolumn{1}{c}{Perceived Choice}&\multicolumn{1}{c}{Pressure/Tension}&\multicolumn{1}{c}{Effort/Importance}\tabularnewline
\hline
\endhead
\hline
\multicolumn{7}{p{\linewidth}}{method:  spearman}\tabularnewline
\endfoot
\label{round}
Diff of Scores&$0.0000$&$0.4963$&$0.6477$&$0.3844$&$0.3317$&$0.3866$\tabularnewline
Intrinsic Motivation&$0.4963$&$0.0000$&$0.0000$&$0.0010$&$0.0029$&$0.0112$\tabularnewline
Interest/Enjoyment&$0.6477$&$0.0000$&$0.0000$&$0.2678$&$0.1478$&$0.0311$\tabularnewline
Perceived Choice&$0.3844$&$0.0010$&$0.2678$&$0.0000$&$0.0210$&$0.4768$\tabularnewline
Pressure/Tension&$0.3317$&$0.0029$&$0.1478$&$0.0210$&$0.0000$&$0.8934$\tabularnewline
Effort/Importance&$0.3866$&$0.0112$&$0.0311$&$0.4768$&$0.8934$&$0.0000$\tabularnewline
\hline
\end{longtable}}

\section{Difference of Scores and Motivation for the group Master}

%latex.default(round(M, 4), caption = paste("Correlation matrix",     "of", mod$title, in_title), size = "scriptsize", longtable = T,     ctable = F, landscape = F, insert.bottom = paste("method: ",         mod$method), where = "!htbp", file = filename, append = T)%
\setlongtables{\scriptsize
\begin{longtable}{lrrrrrr}\caption{Correlation matrix of Difference of Scores and Motivation for the group Master between participants' motivation and learning outcomes in the pilot empirical study} \tabularnewline
\hline\hline
\multicolumn{1}{l}{round}&\multicolumn{1}{c}{Diff of Scores}&\multicolumn{1}{c}{Intrinsic Motivation}&\multicolumn{1}{c}{Interest/Enjoyment}&\multicolumn{1}{c}{Perceived Choice}&\multicolumn{1}{c}{Pressure/Tension}&\multicolumn{1}{c}{Effort/Importance}\tabularnewline
\hline
\endfirsthead\caption[]{\em (continued)} \tabularnewline
\hline
\multicolumn{1}{l}{round}&\multicolumn{1}{c}{Diff of Scores}&\multicolumn{1}{c}{Intrinsic Motivation}&\multicolumn{1}{c}{Interest/Enjoyment}&\multicolumn{1}{c}{Perceived Choice}&\multicolumn{1}{c}{Pressure/Tension}&\multicolumn{1}{c}{Effort/Importance}\tabularnewline
\hline
\endhead
\hline
\multicolumn{7}{p{\linewidth}}{method:  spearman}\tabularnewline
\endfoot
\label{round}
Diff of Scores&$ 1.0000$&$-0.7247$&$-0.6957$&$-0.6912$&$ 0.4058$&$-0.0882$\tabularnewline
Intrinsic Motivation&$-0.7247$&$ 1.0000$&$ 0.8857$&$ 0.9856$&$-0.7143$&$ 0.1449$\tabularnewline
Interest/Enjoyment&$-0.6957$&$ 0.8857$&$ 1.0000$&$ 0.9276$&$-0.7714$&$-0.3189$\tabularnewline
Perceived Choice&$-0.6912$&$ 0.9856$&$ 0.9276$&$ 1.0000$&$-0.7827$&$ 0.0147$\tabularnewline
Pressure/Tension&$ 0.4058$&$-0.7143$&$-0.7714$&$-0.7827$&$ 1.0000$&$ 0.3189$\tabularnewline
Effort/Importance&$-0.0882$&$ 0.1449$&$-0.3189$&$ 0.0147$&$ 0.3189$&$ 1.0000$\tabularnewline
\hline
\end{longtable}}

%latex.default(round(p_mat, 4), caption = paste("Correlation matrix with p-values",     "of", mod$title, in_title), size = "scriptsize", longtable = T,     ctable = F, landscape = F, insert.bottom = paste("method: ",         mod$method), where = "!htbp", file = filename, append = T)%
\setlongtables{\scriptsize
\begin{longtable}{lrrrrrr}\caption{Correlation matrix with p-values of Difference of Scores and Motivation for the group Master between participants' motivation and learning outcomes in the pilot empirical study} \tabularnewline
\hline\hline
\multicolumn{1}{l}{round}&\multicolumn{1}{c}{Diff of Scores}&\multicolumn{1}{c}{Intrinsic Motivation}&\multicolumn{1}{c}{Interest/Enjoyment}&\multicolumn{1}{c}{Perceived Choice}&\multicolumn{1}{c}{Pressure/Tension}&\multicolumn{1}{c}{Effort/Importance}\tabularnewline
\hline
\endfirsthead\caption[]{\em (continued)} \tabularnewline
\hline
\multicolumn{1}{l}{round}&\multicolumn{1}{c}{Diff of Scores}&\multicolumn{1}{c}{Intrinsic Motivation}&\multicolumn{1}{c}{Interest/Enjoyment}&\multicolumn{1}{c}{Perceived Choice}&\multicolumn{1}{c}{Pressure/Tension}&\multicolumn{1}{c}{Effort/Importance}\tabularnewline
\hline
\endhead
\hline
\multicolumn{7}{p{\linewidth}}{method:  spearman}\tabularnewline
\endfoot
\label{round}
Diff of Scores&$0.0000$&$0.1032$&$0.1248$&$0.1283$&$0.4247$&$0.8680$\tabularnewline
Intrinsic Motivation&$0.1032$&$0.0000$&$0.0333$&$0.0003$&$0.1361$&$0.7841$\tabularnewline
Interest/Enjoyment&$0.1248$&$0.0333$&$0.0000$&$0.0077$&$0.1028$&$0.5379$\tabularnewline
Perceived Choice&$0.1283$&$0.0003$&$0.0077$&$0.0000$&$0.0657$&$0.9779$\tabularnewline
Pressure/Tension&$0.4247$&$0.1361$&$0.1028$&$0.0657$&$0.0000$&$0.5379$\tabularnewline
Effort/Importance&$0.8680$&$0.7841$&$0.5379$&$0.9779$&$0.5379$&$0.0000$\tabularnewline
\hline
\end{longtable}}

\section{Difference of Scores and Motivation for the group non-gamified.Apprentice}

%latex.default(round(M, 4), caption = paste("Correlation matrix",     "of", mod$title, in_title), size = "scriptsize", longtable = T,     ctable = F, landscape = F, insert.bottom = paste("method: ",         mod$method), where = "!htbp", file = filename, append = T)%
\setlongtables{\scriptsize
\begin{longtable}{lrrrrrr}\caption{Correlation matrix of Difference of Scores and Motivation for the group non-gamified.Apprentice between participants' motivation and learning outcomes in the pilot empirical study} \tabularnewline
\hline\hline
\multicolumn{1}{l}{round}&\multicolumn{1}{c}{Diff of Scores}&\multicolumn{1}{c}{Intrinsic Motivation}&\multicolumn{1}{c}{Interest/Enjoyment}&\multicolumn{1}{c}{Perceived Choice}&\multicolumn{1}{c}{Pressure/Tension}&\multicolumn{1}{c}{Effort/Importance}\tabularnewline
\hline
\endfirsthead\caption[]{\em (continued)} \tabularnewline
\hline
\multicolumn{1}{l}{round}&\multicolumn{1}{c}{Diff of Scores}&\multicolumn{1}{c}{Intrinsic Motivation}&\multicolumn{1}{c}{Interest/Enjoyment}&\multicolumn{1}{c}{Perceived Choice}&\multicolumn{1}{c}{Pressure/Tension}&\multicolumn{1}{c}{Effort/Importance}\tabularnewline
\hline
\endhead
\hline
\multicolumn{7}{p{\linewidth}}{method:  spearman}\tabularnewline
\endfoot
\label{round}
Diff of Scores&$ 1.0000$&$ 0.0502$&$0.0711$&$-0.0624$&$-0.0206$&$-0.0529$\tabularnewline
Intrinsic Motivation&$ 0.0502$&$ 1.0000$&$0.6758$&$ 0.8368$&$-0.5982$&$ 0.4165$\tabularnewline
Interest/Enjoyment&$ 0.0711$&$ 0.6758$&$1.0000$&$ 0.3002$&$ 0.0344$&$ 0.4115$\tabularnewline
Perceived Choice&$-0.0624$&$ 0.8368$&$0.3002$&$ 1.0000$&$-0.6028$&$ 0.2824$\tabularnewline
Pressure/Tension&$-0.0206$&$-0.5982$&$0.0344$&$-0.6028$&$ 1.0000$&$ 0.0713$\tabularnewline
Effort/Importance&$-0.0529$&$ 0.4165$&$0.4115$&$ 0.2824$&$ 0.0713$&$ 1.0000$\tabularnewline
\hline
\end{longtable}}

%latex.default(round(p_mat, 4), caption = paste("Correlation matrix with p-values",     "of", mod$title, in_title), size = "scriptsize", longtable = T,     ctable = F, landscape = F, insert.bottom = paste("method: ",         mod$method), where = "!htbp", file = filename, append = T)%
\setlongtables{\scriptsize
\begin{longtable}{lrrrrrr}\caption{Correlation matrix with p-values of Difference of Scores and Motivation for the group non-gamified.Apprentice between participants' motivation and learning outcomes in the pilot empirical study} \tabularnewline
\hline\hline
\multicolumn{1}{l}{round}&\multicolumn{1}{c}{Diff of Scores}&\multicolumn{1}{c}{Intrinsic Motivation}&\multicolumn{1}{c}{Interest/Enjoyment}&\multicolumn{1}{c}{Perceived Choice}&\multicolumn{1}{c}{Pressure/Tension}&\multicolumn{1}{c}{Effort/Importance}\tabularnewline
\hline
\endfirsthead\caption[]{\em (continued)} \tabularnewline
\hline
\multicolumn{1}{l}{round}&\multicolumn{1}{c}{Diff of Scores}&\multicolumn{1}{c}{Intrinsic Motivation}&\multicolumn{1}{c}{Interest/Enjoyment}&\multicolumn{1}{c}{Perceived Choice}&\multicolumn{1}{c}{Pressure/Tension}&\multicolumn{1}{c}{Effort/Importance}\tabularnewline
\hline
\endhead
\hline
\multicolumn{7}{p{\linewidth}}{method:  spearman}\tabularnewline
\endfoot
\label{round}
Diff of Scores&$0.0000$&$0.8834$&$0.8354$&$0.8555$&$0.9520$&$0.8773$\tabularnewline
Intrinsic Motivation&$0.8834$&$0.0000$&$0.0225$&$0.0013$&$0.0519$&$0.2026$\tabularnewline
Interest/Enjoyment&$0.8354$&$0.0225$&$0.0000$&$0.3697$&$0.9200$&$0.2086$\tabularnewline
Perceived Choice&$0.8555$&$0.0013$&$0.3697$&$0.0000$&$0.0497$&$0.4001$\tabularnewline
Pressure/Tension&$0.9520$&$0.0519$&$0.9200$&$0.0497$&$0.0000$&$0.8351$\tabularnewline
Effort/Importance&$0.8773$&$0.2026$&$0.2086$&$0.4001$&$0.8351$&$0.0000$\tabularnewline
\hline
\end{longtable}}

\section{Difference of Scores and Motivation for the group non-gamified.Master}

%latex.default(round(M, 4), caption = paste("Correlation matrix",     "of", mod$title, in_title), size = "scriptsize", longtable = T,     ctable = F, landscape = F, insert.bottom = paste("method: ",         mod$method), where = "!htbp", file = filename, append = T)%
\setlongtables{\scriptsize
\begin{longtable}{lrrrrrr}\caption{Correlation matrix of Difference of Scores and Motivation for the group non-gamified.Master between participants' motivation and learning outcomes in the pilot empirical study} \tabularnewline
\hline\hline
\multicolumn{1}{l}{round}&\multicolumn{1}{c}{Diff of Scores}&\multicolumn{1}{c}{Intrinsic Motivation}&\multicolumn{1}{c}{Interest/Enjoyment}&\multicolumn{1}{c}{Perceived Choice}&\multicolumn{1}{c}{Pressure/Tension}&\multicolumn{1}{c}{Effort/Importance}\tabularnewline
\hline
\endfirsthead\caption[]{\em (continued)} \tabularnewline
\hline
\multicolumn{1}{l}{round}&\multicolumn{1}{c}{Diff of Scores}&\multicolumn{1}{c}{Intrinsic Motivation}&\multicolumn{1}{c}{Interest/Enjoyment}&\multicolumn{1}{c}{Perceived Choice}&\multicolumn{1}{c}{Pressure/Tension}&\multicolumn{1}{c}{Effort/Importance}\tabularnewline
\hline
\endhead
\hline
\multicolumn{7}{p{\linewidth}}{method:  spearman}\tabularnewline
\endfoot
\label{round}
Diff of Scores&$ 1$&$-1$&$ 1$&$$&$-1$&$-1$\tabularnewline
Intrinsic Motivation&$-1$&$ 1$&$-1$&$$&$ 1$&$ 1$\tabularnewline
Interest/Enjoyment&$ 1$&$-1$&$ 1$&$$&$-1$&$-1$\tabularnewline
Perceived Choice&$$&$$&$$&$ 1$&$$&$$\tabularnewline
Pressure/Tension&$-1$&$ 1$&$-1$&$$&$ 1$&$ 1$\tabularnewline
Effort/Importance&$-1$&$ 1$&$-1$&$$&$ 1$&$ 1$\tabularnewline
\hline
\end{longtable}}

%latex.default(round(p_mat, 4), caption = paste("Correlation matrix with p-values",     "of", mod$title, in_title), size = "scriptsize", longtable = T,     ctable = F, landscape = F, insert.bottom = paste("method: ",         mod$method), where = "!htbp", file = filename, append = T)%
\setlongtables{\scriptsize
\begin{longtable}{lrrrrrr}\caption{Correlation matrix with p-values of Difference of Scores and Motivation for the group non-gamified.Master between participants' motivation and learning outcomes in the pilot empirical study} \tabularnewline
\hline\hline
\multicolumn{1}{l}{round}&\multicolumn{1}{c}{Diff of Scores}&\multicolumn{1}{c}{Intrinsic Motivation}&\multicolumn{1}{c}{Interest/Enjoyment}&\multicolumn{1}{c}{Perceived Choice}&\multicolumn{1}{c}{Pressure/Tension}&\multicolumn{1}{c}{Effort/Importance}\tabularnewline
\hline
\endfirsthead\caption[]{\em (continued)} \tabularnewline
\hline
\multicolumn{1}{l}{round}&\multicolumn{1}{c}{Diff of Scores}&\multicolumn{1}{c}{Intrinsic Motivation}&\multicolumn{1}{c}{Interest/Enjoyment}&\multicolumn{1}{c}{Perceived Choice}&\multicolumn{1}{c}{Pressure/Tension}&\multicolumn{1}{c}{Effort/Importance}\tabularnewline
\hline
\endhead
\hline
\multicolumn{7}{p{\linewidth}}{method:  spearman}\tabularnewline
\endfoot
\label{round}
Diff of Scores&$ 0$&$ 1$&$ 1$&$$&$ 1$&$ 1$\tabularnewline
Intrinsic Motivation&$ 1$&$ 0$&$ 1$&$$&$ 1$&$ 1$\tabularnewline
Interest/Enjoyment&$ 1$&$ 1$&$ 0$&$$&$ 1$&$ 1$\tabularnewline
Perceived Choice&$$&$$&$$&$ 0$&$$&$$\tabularnewline
Pressure/Tension&$ 1$&$ 1$&$ 1$&$$&$ 0$&$ 1$\tabularnewline
Effort/Importance&$ 1$&$ 1$&$ 1$&$$&$ 1$&$ 0$\tabularnewline
\hline
\end{longtable}}

\section{Difference of Scores and Motivation for the group ont-gamified.Apprentice}

%latex.default(round(M, 4), caption = paste("Correlation matrix",     "of", mod$title, in_title), size = "scriptsize", longtable = T,     ctable = F, landscape = F, insert.bottom = paste("method: ",         mod$method), where = "!htbp", file = filename, append = T)%
\setlongtables{\scriptsize
\begin{longtable}{lrrrrrr}\caption{Correlation matrix of Difference of Scores and Motivation for the group ont-gamified.Apprentice between participants' motivation and learning outcomes in the pilot empirical study} \tabularnewline
\hline\hline
\multicolumn{1}{l}{round}&\multicolumn{1}{c}{Diff of Scores}&\multicolumn{1}{c}{Intrinsic Motivation}&\multicolumn{1}{c}{Interest/Enjoyment}&\multicolumn{1}{c}{Perceived Choice}&\multicolumn{1}{c}{Pressure/Tension}&\multicolumn{1}{c}{Effort/Importance}\tabularnewline
\hline
\endfirsthead\caption[]{\em (continued)} \tabularnewline
\hline
\multicolumn{1}{l}{round}&\multicolumn{1}{c}{Diff of Scores}&\multicolumn{1}{c}{Intrinsic Motivation}&\multicolumn{1}{c}{Interest/Enjoyment}&\multicolumn{1}{c}{Perceived Choice}&\multicolumn{1}{c}{Pressure/Tension}&\multicolumn{1}{c}{Effort/Importance}\tabularnewline
\hline
\endhead
\hline
\multicolumn{7}{p{\linewidth}}{method:  spearman}\tabularnewline
\endfoot
\label{round}
Diff of Scores&$ 1.0000$&$-0.1394$&$-0.0303$&$-0.0424$&$ 0.2378$&$0.5505$\tabularnewline
Intrinsic Motivation&$-0.1394$&$ 1.0000$&$ 0.7333$&$ 0.5030$&$-0.5244$&$0.5138$\tabularnewline
Interest/Enjoyment&$-0.0303$&$ 0.7333$&$ 1.0000$&$ 0.0061$&$-0.4207$&$0.3731$\tabularnewline
Perceived Choice&$-0.0424$&$ 0.5030$&$ 0.0061$&$ 1.0000$&$-0.1890$&$0.1101$\tabularnewline
Pressure/Tension&$ 0.2378$&$-0.5244$&$-0.4207$&$-0.1890$&$ 1.0000$&$0.1354$\tabularnewline
Effort/Importance&$ 0.5505$&$ 0.5138$&$ 0.3731$&$ 0.1101$&$ 0.1354$&$1.0000$\tabularnewline
\hline
\end{longtable}}

%latex.default(round(p_mat, 4), caption = paste("Correlation matrix with p-values",     "of", mod$title, in_title), size = "scriptsize", longtable = T,     ctable = F, landscape = F, insert.bottom = paste("method: ",         mod$method), where = "!htbp", file = filename, append = T)%
\setlongtables{\scriptsize
\begin{longtable}{lrrrrrr}\caption{Correlation matrix with p-values of Difference of Scores and Motivation for the group ont-gamified.Apprentice between participants' motivation and learning outcomes in the pilot empirical study} \tabularnewline
\hline\hline
\multicolumn{1}{l}{round}&\multicolumn{1}{c}{Diff of Scores}&\multicolumn{1}{c}{Intrinsic Motivation}&\multicolumn{1}{c}{Interest/Enjoyment}&\multicolumn{1}{c}{Perceived Choice}&\multicolumn{1}{c}{Pressure/Tension}&\multicolumn{1}{c}{Effort/Importance}\tabularnewline
\hline
\endfirsthead\caption[]{\em (continued)} \tabularnewline
\hline
\multicolumn{1}{l}{round}&\multicolumn{1}{c}{Diff of Scores}&\multicolumn{1}{c}{Intrinsic Motivation}&\multicolumn{1}{c}{Interest/Enjoyment}&\multicolumn{1}{c}{Perceived Choice}&\multicolumn{1}{c}{Pressure/Tension}&\multicolumn{1}{c}{Effort/Importance}\tabularnewline
\hline
\endhead
\hline
\multicolumn{7}{p{\linewidth}}{method:  spearman}\tabularnewline
\endfoot
\label{round}
Diff of Scores&$0.0000$&$0.7072$&$0.9457$&$0.9186$&$0.5082$&$0.0992$\tabularnewline
Intrinsic Motivation&$0.7072$&$0.0000$&$0.0212$&$0.1434$&$0.1197$&$0.1287$\tabularnewline
Interest/Enjoyment&$0.9457$&$0.0212$&$0.0000$&$1.0000$&$0.2260$&$0.2883$\tabularnewline
Perceived Choice&$0.9186$&$0.1434$&$1.0000$&$0.0000$&$0.6010$&$0.7621$\tabularnewline
Pressure/Tension&$0.5082$&$0.1197$&$0.2260$&$0.6010$&$0.0000$&$0.7092$\tabularnewline
Effort/Importance&$0.0992$&$0.1287$&$0.2883$&$0.7621$&$0.7092$&$0.0000$\tabularnewline
\hline
\end{longtable}}

\section{Difference of Scores and Motivation for the group ont-gamified.Master}

%latex.default(round(M, 4), caption = paste("Correlation matrix",     "of", mod$title, in_title), size = "scriptsize", longtable = T,     ctable = F, landscape = F, insert.bottom = paste("method: ",         mod$method), where = "!htbp", file = filename, append = T)%
\setlongtables{\scriptsize
\begin{longtable}{lrrrrrr}\caption{Correlation matrix of Difference of Scores and Motivation for the group ont-gamified.Master between participants' motivation and learning outcomes in the pilot empirical study} \tabularnewline
\hline\hline
\multicolumn{1}{l}{round}&\multicolumn{1}{c}{Diff of Scores}&\multicolumn{1}{c}{Intrinsic Motivation}&\multicolumn{1}{c}{Interest/Enjoyment}&\multicolumn{1}{c}{Perceived Choice}&\multicolumn{1}{c}{Pressure/Tension}&\multicolumn{1}{c}{Effort/Importance}\tabularnewline
\hline
\endfirsthead\caption[]{\em (continued)} \tabularnewline
\hline
\multicolumn{1}{l}{round}&\multicolumn{1}{c}{Diff of Scores}&\multicolumn{1}{c}{Intrinsic Motivation}&\multicolumn{1}{c}{Interest/Enjoyment}&\multicolumn{1}{c}{Perceived Choice}&\multicolumn{1}{c}{Pressure/Tension}&\multicolumn{1}{c}{Effort/Importance}\tabularnewline
\hline
\endhead
\hline
\multicolumn{7}{p{\linewidth}}{method:  spearman}\tabularnewline
\endfoot
\label{round}
Diff of Scores&$ 1.0$&$-0.8$&$-1.0$&$-0.8$&$ 0.6$&$ 0.2$\tabularnewline
Intrinsic Motivation&$-0.8$&$ 1.0$&$ 0.8$&$ 1.0$&$-0.8$&$ 0.4$\tabularnewline
Interest/Enjoyment&$-1.0$&$ 0.8$&$ 1.0$&$ 0.8$&$-0.6$&$-0.2$\tabularnewline
Perceived Choice&$-0.8$&$ 1.0$&$ 0.8$&$ 1.0$&$-0.8$&$ 0.4$\tabularnewline
Pressure/Tension&$ 0.6$&$-0.8$&$-0.6$&$-0.8$&$ 1.0$&$-0.2$\tabularnewline
Effort/Importance&$ 0.2$&$ 0.4$&$-0.2$&$ 0.4$&$-0.2$&$ 1.0$\tabularnewline
\hline
\end{longtable}}

%latex.default(round(p_mat, 4), caption = paste("Correlation matrix with p-values",     "of", mod$title, in_title), size = "scriptsize", longtable = T,     ctable = F, landscape = F, insert.bottom = paste("method: ",         mod$method), where = "!htbp", file = filename, append = T)%
\setlongtables{\scriptsize
\begin{longtable}{lrrrrrr}\caption{Correlation matrix with p-values of Difference of Scores and Motivation for the group ont-gamified.Master between participants' motivation and learning outcomes in the pilot empirical study} \tabularnewline
\hline\hline
\multicolumn{1}{l}{round}&\multicolumn{1}{c}{Diff of Scores}&\multicolumn{1}{c}{Intrinsic Motivation}&\multicolumn{1}{c}{Interest/Enjoyment}&\multicolumn{1}{c}{Perceived Choice}&\multicolumn{1}{c}{Pressure/Tension}&\multicolumn{1}{c}{Effort/Importance}\tabularnewline
\hline
\endfirsthead\caption[]{\em (continued)} \tabularnewline
\hline
\multicolumn{1}{l}{round}&\multicolumn{1}{c}{Diff of Scores}&\multicolumn{1}{c}{Intrinsic Motivation}&\multicolumn{1}{c}{Interest/Enjoyment}&\multicolumn{1}{c}{Perceived Choice}&\multicolumn{1}{c}{Pressure/Tension}&\multicolumn{1}{c}{Effort/Importance}\tabularnewline
\hline
\endhead
\hline
\multicolumn{7}{p{\linewidth}}{method:  spearman}\tabularnewline
\endfoot
\label{round}
Diff of Scores&$0.0000$&$0.3333$&$0.0833$&$0.3333$&$0.4167$&$0.9167$\tabularnewline
Intrinsic Motivation&$0.3333$&$0.0000$&$0.3333$&$0.0833$&$0.3333$&$0.7500$\tabularnewline
Interest/Enjoyment&$0.0833$&$0.3333$&$0.0000$&$0.3333$&$0.4167$&$0.9167$\tabularnewline
Perceived Choice&$0.3333$&$0.0833$&$0.3333$&$0.0000$&$0.3333$&$0.7500$\tabularnewline
Pressure/Tension&$0.4167$&$0.3333$&$0.4167$&$0.3333$&$0.0000$&$0.9167$\tabularnewline
Effort/Importance&$0.9167$&$0.7500$&$0.9167$&$0.7500$&$0.9167$&$0.0000$\tabularnewline
\hline
\end{longtable}}

\end{document}
