
\documentclass[6pt,a4paper]{article}
\usepackage[a4paper,margin=0.54cm]{geometry}
\usepackage{longtable}
\usepackage{rotating}
\usepackage{pdflscape}
\usepackage{ctable}
\title{Summary of correlation analysis between participants' motivation and learning outcomes in the pilot empirical study }
\begin{document}

\maketitle


\section{Gains in Skill/Knowledge and Motivation}

%latex.default(round(M, 4), caption = paste("Correlation matrix",     "of", mod$title, in_title), size = "scriptsize", longtable = T,     ctable = F, landscape = F, insert.bottom = paste("method: ",         mod$method), where = "!htbp", file = filename, append = T)%
\setlongtables{\scriptsize
\begin{longtable}{lrrrrrr}\caption{Correlation matrix of Gains in Skill/Knowledge and Motivation between participants' motivation and learning outcomes in the pilot empirical study} \tabularnewline
\hline\hline
\multicolumn{1}{l}{round}&\multicolumn{1}{c}{Gains in Skill/Knowledge}&\multicolumn{1}{c}{Intrinsic Motivation}&\multicolumn{1}{c}{Interest/Enjoyment}&\multicolumn{1}{c}{Perceived Choice}&\multicolumn{1}{c}{Pressure/Tension}&\multicolumn{1}{c}{Effort/Importance}\tabularnewline
\hline
\endfirsthead\caption[]{\em (continued)} \tabularnewline
\hline
\multicolumn{1}{l}{round}&\multicolumn{1}{c}{Gains in Skill/Knowledge}&\multicolumn{1}{c}{Intrinsic Motivation}&\multicolumn{1}{c}{Interest/Enjoyment}&\multicolumn{1}{c}{Perceived Choice}&\multicolumn{1}{c}{Pressure/Tension}&\multicolumn{1}{c}{Effort/Importance}\tabularnewline
\hline
\endhead
\hline
\multicolumn{7}{p{\linewidth}}{method:  spearman}\tabularnewline
\endfoot
\label{round}
Gains in Skill/Knowledge&$ 1.0000$&$-0.2047$&$-0.1656$&$-0.2050$&$ 0.1235$&$0.1363$\tabularnewline
Intrinsic Motivation&$-0.2047$&$ 1.0000$&$ 0.8820$&$ 0.5650$&$-0.5777$&$0.3183$\tabularnewline
Interest/Enjoyment&$-0.1656$&$ 0.8820$&$ 1.0000$&$ 0.3877$&$-0.4633$&$0.2450$\tabularnewline
Perceived Choice&$-0.2050$&$ 0.5650$&$ 0.3877$&$ 1.0000$&$-0.4617$&$0.0381$\tabularnewline
Pressure/Tension&$ 0.1235$&$-0.5777$&$-0.4633$&$-0.4617$&$ 1.0000$&$0.1907$\tabularnewline
Effort/Importance&$ 0.1363$&$ 0.3183$&$ 0.2450$&$ 0.0381$&$ 0.1907$&$1.0000$\tabularnewline
\hline
\end{longtable}}

%latex.default(round(p_mat, 4), caption = paste("Correlation matrix with p-values",     "of", mod$title, in_title), size = "scriptsize", longtable = T,     ctable = F, landscape = F, insert.bottom = paste("method: ",         mod$method), where = "!htbp", file = filename, append = T)%
\setlongtables{\scriptsize
\begin{longtable}{lrrrrrr}\caption{Correlation matrix with p-values of Gains in Skill/Knowledge and Motivation between participants' motivation and learning outcomes in the pilot empirical study} \tabularnewline
\hline\hline
\multicolumn{1}{l}{round}&\multicolumn{1}{c}{Gains in Skill/Knowledge}&\multicolumn{1}{c}{Intrinsic Motivation}&\multicolumn{1}{c}{Interest/Enjoyment}&\multicolumn{1}{c}{Perceived Choice}&\multicolumn{1}{c}{Pressure/Tension}&\multicolumn{1}{c}{Effort/Importance}\tabularnewline
\hline
\endfirsthead\caption[]{\em (continued)} \tabularnewline
\hline
\multicolumn{1}{l}{round}&\multicolumn{1}{c}{Gains in Skill/Knowledge}&\multicolumn{1}{c}{Intrinsic Motivation}&\multicolumn{1}{c}{Interest/Enjoyment}&\multicolumn{1}{c}{Perceived Choice}&\multicolumn{1}{c}{Pressure/Tension}&\multicolumn{1}{c}{Effort/Importance}\tabularnewline
\hline
\endhead
\hline
\multicolumn{7}{p{\linewidth}}{method:  spearman}\tabularnewline
\endfoot
\label{round}
Gains in Skill/Knowledge&$0.0000$&$0.4007$&$0.4980$&$0.3998$&$0.6144$&$0.5778$\tabularnewline
Intrinsic Motivation&$0.4007$&$0.0000$&$0.0000$&$0.0117$&$0.0096$&$0.1841$\tabularnewline
Interest/Enjoyment&$0.4980$&$0.0000$&$0.0000$&$0.1010$&$0.0457$&$0.3120$\tabularnewline
Perceived Choice&$0.3998$&$0.0117$&$0.1010$&$0.0000$&$0.0466$&$0.8770$\tabularnewline
Pressure/Tension&$0.6144$&$0.0096$&$0.0457$&$0.0466$&$0.0000$&$0.4342$\tabularnewline
Effort/Importance&$0.5778$&$0.1841$&$0.3120$&$0.8770$&$0.4342$&$0.0000$\tabularnewline
\hline
\end{longtable}}

\section{Gains in Skill/Knowledge and Motivation for the group non-gamified}

%latex.default(round(M, 4), caption = paste("Correlation matrix",     "of", mod$title, in_title), size = "scriptsize", longtable = T,     ctable = F, landscape = F, insert.bottom = paste("method: ",         mod$method), where = "!htbp", file = filename, append = T)%
\setlongtables{\scriptsize
\begin{longtable}{lrrrrrr}\caption{Correlation matrix of Gains in Skill/Knowledge and Motivation for the group non-gamified between participants' motivation and learning outcomes in the pilot empirical study} \tabularnewline
\hline\hline
\multicolumn{1}{l}{round}&\multicolumn{1}{c}{Gains in Skill/Knowledge}&\multicolumn{1}{c}{Intrinsic Motivation}&\multicolumn{1}{c}{Interest/Enjoyment}&\multicolumn{1}{c}{Perceived Choice}&\multicolumn{1}{c}{Pressure/Tension}&\multicolumn{1}{c}{Effort/Importance}\tabularnewline
\hline
\endfirsthead\caption[]{\em (continued)} \tabularnewline
\hline
\multicolumn{1}{l}{round}&\multicolumn{1}{c}{Gains in Skill/Knowledge}&\multicolumn{1}{c}{Intrinsic Motivation}&\multicolumn{1}{c}{Interest/Enjoyment}&\multicolumn{1}{c}{Perceived Choice}&\multicolumn{1}{c}{Pressure/Tension}&\multicolumn{1}{c}{Effort/Importance}\tabularnewline
\hline
\endhead
\hline
\multicolumn{7}{p{\linewidth}}{method:  spearman}\tabularnewline
\endfoot
\label{round}
Gains in Skill/Knowledge&$1.0000$&$ 0.0721$&$0.3784$&$ 0.3945$&$ 0.1802$&$ 0.1182$\tabularnewline
Intrinsic Motivation&$0.0721$&$ 1.0000$&$0.6786$&$ 0.3637$&$-0.2143$&$ 0.3784$\tabularnewline
Interest/Enjoyment&$0.3784$&$ 0.6786$&$1.0000$&$ 0.0546$&$ 0.1429$&$ 0.1982$\tabularnewline
Perceived Choice&$0.3945$&$ 0.3637$&$0.0546$&$ 1.0000$&$-0.5092$&$-0.1376$\tabularnewline
Pressure/Tension&$0.1802$&$-0.2143$&$0.1429$&$-0.5092$&$ 1.0000$&$ 0.3784$\tabularnewline
Effort/Importance&$0.1182$&$ 0.3784$&$0.1982$&$-0.1376$&$ 0.3784$&$ 1.0000$\tabularnewline
\hline
\end{longtable}}

%latex.default(round(p_mat, 4), caption = paste("Correlation matrix with p-values",     "of", mod$title, in_title), size = "scriptsize", longtable = T,     ctable = F, landscape = F, insert.bottom = paste("method: ",         mod$method), where = "!htbp", file = filename, append = T)%
\setlongtables{\scriptsize
\begin{longtable}{lrrrrrr}\caption{Correlation matrix with p-values of Gains in Skill/Knowledge and Motivation for the group non-gamified between participants' motivation and learning outcomes in the pilot empirical study} \tabularnewline
\hline\hline
\multicolumn{1}{l}{round}&\multicolumn{1}{c}{Gains in Skill/Knowledge}&\multicolumn{1}{c}{Intrinsic Motivation}&\multicolumn{1}{c}{Interest/Enjoyment}&\multicolumn{1}{c}{Perceived Choice}&\multicolumn{1}{c}{Pressure/Tension}&\multicolumn{1}{c}{Effort/Importance}\tabularnewline
\hline
\endfirsthead\caption[]{\em (continued)} \tabularnewline
\hline
\multicolumn{1}{l}{round}&\multicolumn{1}{c}{Gains in Skill/Knowledge}&\multicolumn{1}{c}{Intrinsic Motivation}&\multicolumn{1}{c}{Interest/Enjoyment}&\multicolumn{1}{c}{Perceived Choice}&\multicolumn{1}{c}{Pressure/Tension}&\multicolumn{1}{c}{Effort/Importance}\tabularnewline
\hline
\endhead
\hline
\multicolumn{7}{p{\linewidth}}{method:  spearman}\tabularnewline
\endfoot
\label{round}
Gains in Skill/Knowledge&$0.0000$&$0.8780$&$0.4026$&$0.3811$&$0.6990$&$0.8008$\tabularnewline
Intrinsic Motivation&$0.8780$&$0.0000$&$0.1095$&$0.4226$&$0.6615$&$0.4026$\tabularnewline
Interest/Enjoyment&$0.4026$&$0.1095$&$0.0000$&$0.9075$&$0.7825$&$0.6701$\tabularnewline
Perceived Choice&$0.3811$&$0.4226$&$0.9075$&$0.0000$&$0.2431$&$0.7686$\tabularnewline
Pressure/Tension&$0.6990$&$0.6615$&$0.7825$&$0.2431$&$0.0000$&$0.4026$\tabularnewline
Effort/Importance&$0.8008$&$0.4026$&$0.6701$&$0.7686$&$0.4026$&$0.0000$\tabularnewline
\hline
\end{longtable}}

\section{Gains in Skill/Knowledge and Motivation for the group ont-gamified}

%latex.default(round(M, 4), caption = paste("Correlation matrix",     "of", mod$title, in_title), size = "scriptsize", longtable = T,     ctable = F, landscape = F, insert.bottom = paste("method: ",         mod$method), where = "!htbp", file = filename, append = T)%
\setlongtables{\scriptsize
\begin{longtable}{lrrrrrr}\caption{Correlation matrix of Gains in Skill/Knowledge and Motivation for the group ont-gamified between participants' motivation and learning outcomes in the pilot empirical study} \tabularnewline
\hline\hline
\multicolumn{1}{l}{round}&\multicolumn{1}{c}{Gains in Skill/Knowledge}&\multicolumn{1}{c}{Intrinsic Motivation}&\multicolumn{1}{c}{Interest/Enjoyment}&\multicolumn{1}{c}{Perceived Choice}&\multicolumn{1}{c}{Pressure/Tension}&\multicolumn{1}{c}{Effort/Importance}\tabularnewline
\hline
\endfirsthead\caption[]{\em (continued)} \tabularnewline
\hline
\multicolumn{1}{l}{round}&\multicolumn{1}{c}{Gains in Skill/Knowledge}&\multicolumn{1}{c}{Intrinsic Motivation}&\multicolumn{1}{c}{Interest/Enjoyment}&\multicolumn{1}{c}{Perceived Choice}&\multicolumn{1}{c}{Pressure/Tension}&\multicolumn{1}{c}{Effort/Importance}\tabularnewline
\hline
\endhead
\hline
\multicolumn{7}{p{\linewidth}}{method:  spearman}\tabularnewline
\endfoot
\label{round}
Gains in Skill/Knowledge&$ 1.0000$&$-0.4772$&$-0.5123$&$-0.3996$&$ 0.4137$&$0.3215$\tabularnewline
Intrinsic Motivation&$-0.4772$&$ 1.0000$&$ 0.9161$&$ 0.6105$&$-0.5895$&$0.3646$\tabularnewline
Interest/Enjoyment&$-0.5123$&$ 0.9161$&$ 1.0000$&$ 0.4070$&$-0.5404$&$0.3221$\tabularnewline
Perceived Choice&$-0.3996$&$ 0.6105$&$ 0.4070$&$ 1.0000$&$-0.4049$&$0.2522$\tabularnewline
Pressure/Tension&$ 0.4137$&$-0.5895$&$-0.5404$&$-0.4049$&$ 1.0000$&$0.0018$\tabularnewline
Effort/Importance&$ 0.3215$&$ 0.3646$&$ 0.3221$&$ 0.2522$&$ 0.0018$&$1.0000$\tabularnewline
\hline
\end{longtable}}

%latex.default(round(p_mat, 4), caption = paste("Correlation matrix with p-values",     "of", mod$title, in_title), size = "scriptsize", longtable = T,     ctable = F, landscape = F, insert.bottom = paste("method: ",         mod$method), where = "!htbp", file = filename, append = T)%
\setlongtables{\scriptsize
\begin{longtable}{lrrrrrr}\caption{Correlation matrix with p-values of Gains in Skill/Knowledge and Motivation for the group ont-gamified between participants' motivation and learning outcomes in the pilot empirical study} \tabularnewline
\hline\hline
\multicolumn{1}{l}{round}&\multicolumn{1}{c}{Gains in Skill/Knowledge}&\multicolumn{1}{c}{Intrinsic Motivation}&\multicolumn{1}{c}{Interest/Enjoyment}&\multicolumn{1}{c}{Perceived Choice}&\multicolumn{1}{c}{Pressure/Tension}&\multicolumn{1}{c}{Effort/Importance}\tabularnewline
\hline
\endfirsthead\caption[]{\em (continued)} \tabularnewline
\hline
\multicolumn{1}{l}{round}&\multicolumn{1}{c}{Gains in Skill/Knowledge}&\multicolumn{1}{c}{Intrinsic Motivation}&\multicolumn{1}{c}{Interest/Enjoyment}&\multicolumn{1}{c}{Perceived Choice}&\multicolumn{1}{c}{Pressure/Tension}&\multicolumn{1}{c}{Effort/Importance}\tabularnewline
\hline
\endhead
\hline
\multicolumn{7}{p{\linewidth}}{method:  spearman}\tabularnewline
\endfoot
\label{round}
Gains in Skill/Knowledge&$0.0000$&$0.1167$&$0.0886$&$0.1980$&$0.1812$&$0.3082$\tabularnewline
Intrinsic Motivation&$0.1167$&$0.0000$&$0.0000$&$0.0350$&$0.0437$&$0.2439$\tabularnewline
Interest/Enjoyment&$0.0886$&$0.0000$&$0.0000$&$0.1891$&$0.0697$&$0.3072$\tabularnewline
Perceived Choice&$0.1980$&$0.0350$&$0.1891$&$0.0000$&$0.1916$&$0.4290$\tabularnewline
Pressure/Tension&$0.1812$&$0.0437$&$0.0697$&$0.1916$&$0.0000$&$0.9956$\tabularnewline
Effort/Importance&$0.3082$&$0.2439$&$0.3072$&$0.4290$&$0.9956$&$0.0000$\tabularnewline
\hline
\end{longtable}}

\section{Gains in Skill/Knowledge and Motivation for the group Apprentice}

%latex.default(round(M, 4), caption = paste("Correlation matrix",     "of", mod$title, in_title), size = "scriptsize", longtable = T,     ctable = F, landscape = F, insert.bottom = paste("method: ",         mod$method), where = "!htbp", file = filename, append = T)%
\setlongtables{\scriptsize
\begin{longtable}{lrrrrrr}\caption{Correlation matrix of Gains in Skill/Knowledge and Motivation for the group Apprentice between participants' motivation and learning outcomes in the pilot empirical study} \tabularnewline
\hline\hline
\multicolumn{1}{l}{round}&\multicolumn{1}{c}{Gains in Skill/Knowledge}&\multicolumn{1}{c}{Intrinsic Motivation}&\multicolumn{1}{c}{Interest/Enjoyment}&\multicolumn{1}{c}{Perceived Choice}&\multicolumn{1}{c}{Pressure/Tension}&\multicolumn{1}{c}{Effort/Importance}\tabularnewline
\hline
\endfirsthead\caption[]{\em (continued)} \tabularnewline
\hline
\multicolumn{1}{l}{round}&\multicolumn{1}{c}{Gains in Skill/Knowledge}&\multicolumn{1}{c}{Intrinsic Motivation}&\multicolumn{1}{c}{Interest/Enjoyment}&\multicolumn{1}{c}{Perceived Choice}&\multicolumn{1}{c}{Pressure/Tension}&\multicolumn{1}{c}{Effort/Importance}\tabularnewline
\hline
\endhead
\hline
\multicolumn{7}{p{\linewidth}}{method:  spearman}\tabularnewline
\endfoot
\label{round}
Gains in Skill/Knowledge&$ 1.0000$&$ 0.0358$&$ 0.0648$&$-0.2607$&$ 0.0870$&$0.2524$\tabularnewline
Intrinsic Motivation&$ 0.0358$&$ 1.0000$&$ 0.8776$&$ 0.4127$&$-0.6501$&$0.4177$\tabularnewline
Interest/Enjoyment&$ 0.0648$&$ 0.8776$&$ 1.0000$&$ 0.1488$&$-0.4455$&$0.4972$\tabularnewline
Perceived Choice&$-0.2607$&$ 0.4127$&$ 0.1488$&$ 1.0000$&$-0.3752$&$0.0429$\tabularnewline
Pressure/Tension&$ 0.0870$&$-0.6501$&$-0.4455$&$-0.3752$&$ 1.0000$&$0.2233$\tabularnewline
Effort/Importance&$ 0.2524$&$ 0.4177$&$ 0.4972$&$ 0.0429$&$ 0.2233$&$1.0000$\tabularnewline
\hline
\end{longtable}}

%latex.default(round(p_mat, 4), caption = paste("Correlation matrix with p-values",     "of", mod$title, in_title), size = "scriptsize", longtable = T,     ctable = F, landscape = F, insert.bottom = paste("method: ",         mod$method), where = "!htbp", file = filename, append = T)%
\setlongtables{\scriptsize
\begin{longtable}{lrrrrrr}\caption{Correlation matrix with p-values of Gains in Skill/Knowledge and Motivation for the group Apprentice between participants' motivation and learning outcomes in the pilot empirical study} \tabularnewline
\hline\hline
\multicolumn{1}{l}{round}&\multicolumn{1}{c}{Gains in Skill/Knowledge}&\multicolumn{1}{c}{Intrinsic Motivation}&\multicolumn{1}{c}{Interest/Enjoyment}&\multicolumn{1}{c}{Perceived Choice}&\multicolumn{1}{c}{Pressure/Tension}&\multicolumn{1}{c}{Effort/Importance}\tabularnewline
\hline
\endfirsthead\caption[]{\em (continued)} \tabularnewline
\hline
\multicolumn{1}{l}{round}&\multicolumn{1}{c}{Gains in Skill/Knowledge}&\multicolumn{1}{c}{Intrinsic Motivation}&\multicolumn{1}{c}{Interest/Enjoyment}&\multicolumn{1}{c}{Perceived Choice}&\multicolumn{1}{c}{Pressure/Tension}&\multicolumn{1}{c}{Effort/Importance}\tabularnewline
\hline
\endhead
\hline
\multicolumn{7}{p{\linewidth}}{method:  spearman}\tabularnewline
\endfoot
\label{round}
Gains in Skill/Knowledge&$0.0000$&$0.9075$&$0.8333$&$0.3897$&$0.7774$&$0.4054$\tabularnewline
Intrinsic Motivation&$0.9075$&$0.0000$&$0.0001$&$0.1611$&$0.0161$&$0.1555$\tabularnewline
Interest/Enjoyment&$0.8333$&$0.0001$&$0.0000$&$0.6277$&$0.1271$&$0.0838$\tabularnewline
Perceived Choice&$0.3897$&$0.1611$&$0.6277$&$0.0000$&$0.2065$&$0.8892$\tabularnewline
Pressure/Tension&$0.7774$&$0.0161$&$0.1271$&$0.2065$&$0.0000$&$0.4633$\tabularnewline
Effort/Importance&$0.4054$&$0.1555$&$0.0838$&$0.8892$&$0.4633$&$0.0000$\tabularnewline
\hline
\end{longtable}}

\section{Gains in Skill/Knowledge and Motivation for the group Master}

%latex.default(round(M, 4), caption = paste("Correlation matrix",     "of", mod$title, in_title), size = "scriptsize", longtable = T,     ctable = F, landscape = F, insert.bottom = paste("method: ",         mod$method), where = "!htbp", file = filename, append = T)%
\setlongtables{\scriptsize
\begin{longtable}{lrrrrrr}\caption{Correlation matrix of Gains in Skill/Knowledge and Motivation for the group Master between participants' motivation and learning outcomes in the pilot empirical study} \tabularnewline
\hline\hline
\multicolumn{1}{l}{round}&\multicolumn{1}{c}{Gains in Skill/Knowledge}&\multicolumn{1}{c}{Intrinsic Motivation}&\multicolumn{1}{c}{Interest/Enjoyment}&\multicolumn{1}{c}{Perceived Choice}&\multicolumn{1}{c}{Pressure/Tension}&\multicolumn{1}{c}{Effort/Importance}\tabularnewline
\hline
\endfirsthead\caption[]{\em (continued)} \tabularnewline
\hline
\multicolumn{1}{l}{round}&\multicolumn{1}{c}{Gains in Skill/Knowledge}&\multicolumn{1}{c}{Intrinsic Motivation}&\multicolumn{1}{c}{Interest/Enjoyment}&\multicolumn{1}{c}{Perceived Choice}&\multicolumn{1}{c}{Pressure/Tension}&\multicolumn{1}{c}{Effort/Importance}\tabularnewline
\hline
\endhead
\hline
\multicolumn{7}{p{\linewidth}}{method:  spearman}\tabularnewline
\endfoot
\label{round}
Gains in Skill/Knowledge&$ 1.0000$&$-0.8697$&$-0.5798$&$-0.6471$&$ 0.4058$&$-0.2500$\tabularnewline
Intrinsic Motivation&$-0.8697$&$ 1.0000$&$ 0.8286$&$ 0.8407$&$-0.4857$&$ 0.1160$\tabularnewline
Interest/Enjoyment&$-0.5798$&$ 0.8286$&$ 1.0000$&$ 0.9276$&$-0.7714$&$-0.3189$\tabularnewline
Perceived Choice&$-0.6471$&$ 0.8407$&$ 0.9276$&$ 1.0000$&$-0.7827$&$ 0.0147$\tabularnewline
Pressure/Tension&$ 0.4058$&$-0.4857$&$-0.7714$&$-0.7827$&$ 1.0000$&$ 0.3189$\tabularnewline
Effort/Importance&$-0.2500$&$ 0.1160$&$-0.3189$&$ 0.0147$&$ 0.3189$&$ 1.0000$\tabularnewline
\hline
\end{longtable}}

%latex.default(round(p_mat, 4), caption = paste("Correlation matrix with p-values",     "of", mod$title, in_title), size = "scriptsize", longtable = T,     ctable = F, landscape = F, insert.bottom = paste("method: ",         mod$method), where = "!htbp", file = filename, append = T)%
\setlongtables{\scriptsize
\begin{longtable}{lrrrrrr}\caption{Correlation matrix with p-values of Gains in Skill/Knowledge and Motivation for the group Master between participants' motivation and learning outcomes in the pilot empirical study} \tabularnewline
\hline\hline
\multicolumn{1}{l}{round}&\multicolumn{1}{c}{Gains in Skill/Knowledge}&\multicolumn{1}{c}{Intrinsic Motivation}&\multicolumn{1}{c}{Interest/Enjoyment}&\multicolumn{1}{c}{Perceived Choice}&\multicolumn{1}{c}{Pressure/Tension}&\multicolumn{1}{c}{Effort/Importance}\tabularnewline
\hline
\endfirsthead\caption[]{\em (continued)} \tabularnewline
\hline
\multicolumn{1}{l}{round}&\multicolumn{1}{c}{Gains in Skill/Knowledge}&\multicolumn{1}{c}{Intrinsic Motivation}&\multicolumn{1}{c}{Interest/Enjoyment}&\multicolumn{1}{c}{Perceived Choice}&\multicolumn{1}{c}{Pressure/Tension}&\multicolumn{1}{c}{Effort/Importance}\tabularnewline
\hline
\endhead
\hline
\multicolumn{7}{p{\linewidth}}{method:  spearman}\tabularnewline
\endfoot
\label{round}
Gains in Skill/Knowledge&$0.0000$&$0.0244$&$0.2278$&$0.1649$&$0.4247$&$0.6328$\tabularnewline
Intrinsic Motivation&$0.0244$&$0.0000$&$0.0583$&$0.0361$&$0.3556$&$0.8268$\tabularnewline
Interest/Enjoyment&$0.2278$&$0.0583$&$0.0000$&$0.0077$&$0.1028$&$0.5379$\tabularnewline
Perceived Choice&$0.1649$&$0.0361$&$0.0077$&$0.0000$&$0.0657$&$0.9779$\tabularnewline
Pressure/Tension&$0.4247$&$0.3556$&$0.1028$&$0.0657$&$0.0000$&$0.5379$\tabularnewline
Effort/Importance&$0.6328$&$0.8268$&$0.5379$&$0.9779$&$0.5379$&$0.0000$\tabularnewline
\hline
\end{longtable}}

\section{Gains in Skill/Knowledge and Motivation for the group non-gamified.Apprentice}

%latex.default(round(M, 4), caption = paste("Correlation matrix",     "of", mod$title, in_title), size = "scriptsize", longtable = T,     ctable = F, landscape = F, insert.bottom = paste("method: ",         mod$method), where = "!htbp", file = filename, append = T)%
\setlongtables{\scriptsize
\begin{longtable}{lrrrrrr}\caption{Correlation matrix of Gains in Skill/Knowledge and Motivation for the group non-gamified.Apprentice between participants' motivation and learning outcomes in the pilot empirical study} \tabularnewline
\hline\hline
\multicolumn{1}{l}{round}&\multicolumn{1}{c}{Gains in Skill/Knowledge}&\multicolumn{1}{c}{Intrinsic Motivation}&\multicolumn{1}{c}{Interest/Enjoyment}&\multicolumn{1}{c}{Perceived Choice}&\multicolumn{1}{c}{Pressure/Tension}&\multicolumn{1}{c}{Effort/Importance}\tabularnewline
\hline
\endfirsthead\caption[]{\em (continued)} \tabularnewline
\hline
\multicolumn{1}{l}{round}&\multicolumn{1}{c}{Gains in Skill/Knowledge}&\multicolumn{1}{c}{Intrinsic Motivation}&\multicolumn{1}{c}{Interest/Enjoyment}&\multicolumn{1}{c}{Perceived Choice}&\multicolumn{1}{c}{Pressure/Tension}&\multicolumn{1}{c}{Effort/Importance}\tabularnewline
\hline
\endhead
\hline
\multicolumn{7}{p{\linewidth}}{method:  spearman}\tabularnewline
\endfoot
\label{round}
Gains in Skill/Knowledge&$ 1.0000$&$ 0.1026$&$ 0.5643$&$-0.7105$&$ 0.4104$&$ 0.6579$\tabularnewline
Intrinsic Motivation&$ 0.1026$&$ 1.0000$&$ 0.8000$&$ 0.3591$&$-0.2000$&$ 0.2052$\tabularnewline
Interest/Enjoyment&$ 0.5643$&$ 0.8000$&$ 1.0000$&$-0.2052$&$ 0.3000$&$ 0.6669$\tabularnewline
Perceived Choice&$-0.7105$&$ 0.3591$&$-0.2052$&$ 1.0000$&$-0.8721$&$-0.3947$\tabularnewline
Pressure/Tension&$ 0.4104$&$-0.2000$&$ 0.3000$&$-0.8721$&$ 1.0000$&$ 0.3591$\tabularnewline
Effort/Importance&$ 0.6579$&$ 0.2052$&$ 0.6669$&$-0.3947$&$ 0.3591$&$ 1.0000$\tabularnewline
\hline
\end{longtable}}

%latex.default(round(p_mat, 4), caption = paste("Correlation matrix with p-values",     "of", mod$title, in_title), size = "scriptsize", longtable = T,     ctable = F, landscape = F, insert.bottom = paste("method: ",         mod$method), where = "!htbp", file = filename, append = T)%
\setlongtables{\scriptsize
\begin{longtable}{lrrrrrr}\caption{Correlation matrix with p-values of Gains in Skill/Knowledge and Motivation for the group non-gamified.Apprentice between participants' motivation and learning outcomes in the pilot empirical study} \tabularnewline
\hline\hline
\multicolumn{1}{l}{round}&\multicolumn{1}{c}{Gains in Skill/Knowledge}&\multicolumn{1}{c}{Intrinsic Motivation}&\multicolumn{1}{c}{Interest/Enjoyment}&\multicolumn{1}{c}{Perceived Choice}&\multicolumn{1}{c}{Pressure/Tension}&\multicolumn{1}{c}{Effort/Importance}\tabularnewline
\hline
\endfirsthead\caption[]{\em (continued)} \tabularnewline
\hline
\multicolumn{1}{l}{round}&\multicolumn{1}{c}{Gains in Skill/Knowledge}&\multicolumn{1}{c}{Intrinsic Motivation}&\multicolumn{1}{c}{Interest/Enjoyment}&\multicolumn{1}{c}{Perceived Choice}&\multicolumn{1}{c}{Pressure/Tension}&\multicolumn{1}{c}{Effort/Importance}\tabularnewline
\hline
\endhead
\hline
\multicolumn{7}{p{\linewidth}}{method:  spearman}\tabularnewline
\endfoot
\label{round}
Gains in Skill/Knowledge&$0.0000$&$0.8696$&$0.3217$&$0.1786$&$0.4925$&$0.2275$\tabularnewline
Intrinsic Motivation&$0.8696$&$0.0000$&$0.1333$&$0.5528$&$0.7833$&$0.7406$\tabularnewline
Interest/Enjoyment&$0.3217$&$0.1333$&$0.0000$&$0.7406$&$0.6833$&$0.2189$\tabularnewline
Perceived Choice&$0.1786$&$0.5528$&$0.7406$&$0.0000$&$0.0539$&$0.5108$\tabularnewline
Pressure/Tension&$0.4925$&$0.7833$&$0.6833$&$0.0539$&$0.0000$&$0.5528$\tabularnewline
Effort/Importance&$0.2275$&$0.7406$&$0.2189$&$0.5108$&$0.5528$&$0.0000$\tabularnewline
\hline
\end{longtable}}

\section{Gains in Skill/Knowledge and Motivation for the group non-gamified.Master}

%latex.default(round(M, 4), caption = paste("Correlation matrix",     "of", mod$title, in_title), size = "scriptsize", longtable = T,     ctable = F, landscape = F, insert.bottom = paste("method: ",         mod$method), where = "!htbp", file = filename, append = T)%
\setlongtables{\scriptsize
\begin{longtable}{lrrrrrr}\caption{Correlation matrix of Gains in Skill/Knowledge and Motivation for the group non-gamified.Master between participants' motivation and learning outcomes in the pilot empirical study} \tabularnewline
\hline\hline
\multicolumn{1}{l}{round}&\multicolumn{1}{c}{Gains in Skill/Knowledge}&\multicolumn{1}{c}{Intrinsic Motivation}&\multicolumn{1}{c}{Interest/Enjoyment}&\multicolumn{1}{c}{Perceived Choice}&\multicolumn{1}{c}{Pressure/Tension}&\multicolumn{1}{c}{Effort/Importance}\tabularnewline
\hline
\endfirsthead\caption[]{\em (continued)} \tabularnewline
\hline
\multicolumn{1}{l}{round}&\multicolumn{1}{c}{Gains in Skill/Knowledge}&\multicolumn{1}{c}{Intrinsic Motivation}&\multicolumn{1}{c}{Interest/Enjoyment}&\multicolumn{1}{c}{Perceived Choice}&\multicolumn{1}{c}{Pressure/Tension}&\multicolumn{1}{c}{Effort/Importance}\tabularnewline
\hline
\endhead
\hline
\multicolumn{7}{p{\linewidth}}{method:  spearman}\tabularnewline
\endfoot
\label{round}
Gains in Skill/Knowledge&$ 1$&$-1$&$ 1$&$$&$-1$&$-1$\tabularnewline
Intrinsic Motivation&$-1$&$ 1$&$-1$&$$&$ 1$&$ 1$\tabularnewline
Interest/Enjoyment&$ 1$&$-1$&$ 1$&$$&$-1$&$-1$\tabularnewline
Perceived Choice&$$&$$&$$&$ 1$&$$&$$\tabularnewline
Pressure/Tension&$-1$&$ 1$&$-1$&$$&$ 1$&$ 1$\tabularnewline
Effort/Importance&$-1$&$ 1$&$-1$&$$&$ 1$&$ 1$\tabularnewline
\hline
\end{longtable}}

%latex.default(round(p_mat, 4), caption = paste("Correlation matrix with p-values",     "of", mod$title, in_title), size = "scriptsize", longtable = T,     ctable = F, landscape = F, insert.bottom = paste("method: ",         mod$method), where = "!htbp", file = filename, append = T)%
\setlongtables{\scriptsize
\begin{longtable}{lrrrrrr}\caption{Correlation matrix with p-values of Gains in Skill/Knowledge and Motivation for the group non-gamified.Master between participants' motivation and learning outcomes in the pilot empirical study} \tabularnewline
\hline\hline
\multicolumn{1}{l}{round}&\multicolumn{1}{c}{Gains in Skill/Knowledge}&\multicolumn{1}{c}{Intrinsic Motivation}&\multicolumn{1}{c}{Interest/Enjoyment}&\multicolumn{1}{c}{Perceived Choice}&\multicolumn{1}{c}{Pressure/Tension}&\multicolumn{1}{c}{Effort/Importance}\tabularnewline
\hline
\endfirsthead\caption[]{\em (continued)} \tabularnewline
\hline
\multicolumn{1}{l}{round}&\multicolumn{1}{c}{Gains in Skill/Knowledge}&\multicolumn{1}{c}{Intrinsic Motivation}&\multicolumn{1}{c}{Interest/Enjoyment}&\multicolumn{1}{c}{Perceived Choice}&\multicolumn{1}{c}{Pressure/Tension}&\multicolumn{1}{c}{Effort/Importance}\tabularnewline
\hline
\endhead
\hline
\multicolumn{7}{p{\linewidth}}{method:  spearman}\tabularnewline
\endfoot
\label{round}
Gains in Skill/Knowledge&$ 0$&$ 1$&$ 1$&$$&$ 1$&$ 1$\tabularnewline
Intrinsic Motivation&$ 1$&$ 0$&$ 1$&$$&$ 1$&$ 1$\tabularnewline
Interest/Enjoyment&$ 1$&$ 1$&$ 0$&$$&$ 1$&$ 1$\tabularnewline
Perceived Choice&$$&$$&$$&$ 0$&$$&$$\tabularnewline
Pressure/Tension&$ 1$&$ 1$&$ 1$&$$&$ 0$&$ 1$\tabularnewline
Effort/Importance&$ 1$&$ 1$&$ 1$&$$&$ 1$&$ 0$\tabularnewline
\hline
\end{longtable}}

\section{Gains in Skill/Knowledge and Motivation for the group ont-gamified.Apprentice}

%latex.default(round(M, 4), caption = paste("Correlation matrix",     "of", mod$title, in_title), size = "scriptsize", longtable = T,     ctable = F, landscape = F, insert.bottom = paste("method: ",         mod$method), where = "!htbp", file = filename, append = T)%
\setlongtables{\scriptsize
\begin{longtable}{lrrrrrr}\caption{Correlation matrix of Gains in Skill/Knowledge and Motivation for the group ont-gamified.Apprentice between participants' motivation and learning outcomes in the pilot empirical study} \tabularnewline
\hline\hline
\multicolumn{1}{l}{round}&\multicolumn{1}{c}{Gains in Skill/Knowledge}&\multicolumn{1}{c}{Intrinsic Motivation}&\multicolumn{1}{c}{Interest/Enjoyment}&\multicolumn{1}{c}{Perceived Choice}&\multicolumn{1}{c}{Pressure/Tension}&\multicolumn{1}{c}{Effort/Importance}\tabularnewline
\hline
\endfirsthead\caption[]{\em (continued)} \tabularnewline
\hline
\multicolumn{1}{l}{round}&\multicolumn{1}{c}{Gains in Skill/Knowledge}&\multicolumn{1}{c}{Intrinsic Motivation}&\multicolumn{1}{c}{Interest/Enjoyment}&\multicolumn{1}{c}{Perceived Choice}&\multicolumn{1}{c}{Pressure/Tension}&\multicolumn{1}{c}{Effort/Importance}\tabularnewline
\hline
\endhead
\hline
\multicolumn{7}{p{\linewidth}}{method:  spearman}\tabularnewline
\endfoot
\label{round}
Gains in Skill/Knowledge&$ 1.0000$&$-0.3114$&$-0.1796$&$-0.0599$&$ 0.4424$&$0.4817$\tabularnewline
Intrinsic Motivation&$-0.3114$&$ 1.0000$&$ 0.9048$&$ 0.4762$&$-0.6627$&$0.4849$\tabularnewline
Interest/Enjoyment&$-0.1796$&$ 0.9048$&$ 1.0000$&$ 0.1905$&$-0.6025$&$0.5213$\tabularnewline
Perceived Choice&$-0.0599$&$ 0.4762$&$ 0.1905$&$ 1.0000$&$-0.1928$&$0.2425$\tabularnewline
Pressure/Tension&$ 0.4424$&$-0.6627$&$-0.6025$&$-0.1928$&$ 1.0000$&$0.1350$\tabularnewline
Effort/Importance&$ 0.4817$&$ 0.4849$&$ 0.5213$&$ 0.2425$&$ 0.1350$&$1.0000$\tabularnewline
\hline
\end{longtable}}

%latex.default(round(p_mat, 4), caption = paste("Correlation matrix with p-values",     "of", mod$title, in_title), size = "scriptsize", longtable = T,     ctable = F, landscape = F, insert.bottom = paste("method: ",         mod$method), where = "!htbp", file = filename, append = T)%
\setlongtables{\scriptsize
\begin{longtable}{lrrrrrr}\caption{Correlation matrix with p-values of Gains in Skill/Knowledge and Motivation for the group ont-gamified.Apprentice between participants' motivation and learning outcomes in the pilot empirical study} \tabularnewline
\hline\hline
\multicolumn{1}{l}{round}&\multicolumn{1}{c}{Gains in Skill/Knowledge}&\multicolumn{1}{c}{Intrinsic Motivation}&\multicolumn{1}{c}{Interest/Enjoyment}&\multicolumn{1}{c}{Perceived Choice}&\multicolumn{1}{c}{Pressure/Tension}&\multicolumn{1}{c}{Effort/Importance}\tabularnewline
\hline
\endfirsthead\caption[]{\em (continued)} \tabularnewline
\hline
\multicolumn{1}{l}{round}&\multicolumn{1}{c}{Gains in Skill/Knowledge}&\multicolumn{1}{c}{Intrinsic Motivation}&\multicolumn{1}{c}{Interest/Enjoyment}&\multicolumn{1}{c}{Perceived Choice}&\multicolumn{1}{c}{Pressure/Tension}&\multicolumn{1}{c}{Effort/Importance}\tabularnewline
\hline
\endhead
\hline
\multicolumn{7}{p{\linewidth}}{method:  spearman}\tabularnewline
\endfoot
\label{round}
Gains in Skill/Knowledge&$0.0000$&$0.4528$&$0.6703$&$0.8880$&$0.2723$&$0.2268$\tabularnewline
Intrinsic Motivation&$0.4528$&$0.0000$&$0.0046$&$0.2431$&$0.0733$&$0.2232$\tabularnewline
Interest/Enjoyment&$0.6703$&$0.0046$&$0.0000$&$0.6646$&$0.1140$&$0.1852$\tabularnewline
Perceived Choice&$0.8880$&$0.2431$&$0.6646$&$0.0000$&$0.6474$&$0.5629$\tabularnewline
Pressure/Tension&$0.2723$&$0.0733$&$0.1140$&$0.6474$&$0.0000$&$0.7500$\tabularnewline
Effort/Importance&$0.2268$&$0.2232$&$0.1852$&$0.5629$&$0.7500$&$0.0000$\tabularnewline
\hline
\end{longtable}}

\section{Gains in Skill/Knowledge and Motivation for the group ont-gamified.Master}

%latex.default(round(M, 4), caption = paste("Correlation matrix",     "of", mod$title, in_title), size = "scriptsize", longtable = T,     ctable = F, landscape = F, insert.bottom = paste("method: ",         mod$method), where = "!htbp", file = filename, append = T)%
\setlongtables{\scriptsize
\begin{longtable}{lrrrrrr}\caption{Correlation matrix of Gains in Skill/Knowledge and Motivation for the group ont-gamified.Master between participants' motivation and learning outcomes in the pilot empirical study} \tabularnewline
\hline\hline
\multicolumn{1}{l}{round}&\multicolumn{1}{c}{Gains in Skill/Knowledge}&\multicolumn{1}{c}{Intrinsic Motivation}&\multicolumn{1}{c}{Interest/Enjoyment}&\multicolumn{1}{c}{Perceived Choice}&\multicolumn{1}{c}{Pressure/Tension}&\multicolumn{1}{c}{Effort/Importance}\tabularnewline
\hline
\endfirsthead\caption[]{\em (continued)} \tabularnewline
\hline
\multicolumn{1}{l}{round}&\multicolumn{1}{c}{Gains in Skill/Knowledge}&\multicolumn{1}{c}{Intrinsic Motivation}&\multicolumn{1}{c}{Interest/Enjoyment}&\multicolumn{1}{c}{Perceived Choice}&\multicolumn{1}{c}{Pressure/Tension}&\multicolumn{1}{c}{Effort/Importance}\tabularnewline
\hline
\endhead
\hline
\multicolumn{7}{p{\linewidth}}{method:  spearman}\tabularnewline
\endfoot
\label{round}
Gains in Skill/Knowledge&$ 1.0000$&$-0.9487$&$-0.9487$&$-0.9487$&$ 0.7379$&$-0.1054$\tabularnewline
Intrinsic Motivation&$-0.9487$&$ 1.0000$&$ 1.0000$&$ 0.8000$&$-0.6000$&$-0.2000$\tabularnewline
Interest/Enjoyment&$-0.9487$&$ 1.0000$&$ 1.0000$&$ 0.8000$&$-0.6000$&$-0.2000$\tabularnewline
Perceived Choice&$-0.9487$&$ 0.8000$&$ 0.8000$&$ 1.0000$&$-0.8000$&$ 0.4000$\tabularnewline
Pressure/Tension&$ 0.7379$&$-0.6000$&$-0.6000$&$-0.8000$&$ 1.0000$&$-0.2000$\tabularnewline
Effort/Importance&$-0.1054$&$-0.2000$&$-0.2000$&$ 0.4000$&$-0.2000$&$ 1.0000$\tabularnewline
\hline
\end{longtable}}

%latex.default(round(p_mat, 4), caption = paste("Correlation matrix with p-values",     "of", mod$title, in_title), size = "scriptsize", longtable = T,     ctable = F, landscape = F, insert.bottom = paste("method: ",         mod$method), where = "!htbp", file = filename, append = T)%
\setlongtables{\scriptsize
\begin{longtable}{lrrrrrr}\caption{Correlation matrix with p-values of Gains in Skill/Knowledge and Motivation for the group ont-gamified.Master between participants' motivation and learning outcomes in the pilot empirical study} \tabularnewline
\hline\hline
\multicolumn{1}{l}{round}&\multicolumn{1}{c}{Gains in Skill/Knowledge}&\multicolumn{1}{c}{Intrinsic Motivation}&\multicolumn{1}{c}{Interest/Enjoyment}&\multicolumn{1}{c}{Perceived Choice}&\multicolumn{1}{c}{Pressure/Tension}&\multicolumn{1}{c}{Effort/Importance}\tabularnewline
\hline
\endfirsthead\caption[]{\em (continued)} \tabularnewline
\hline
\multicolumn{1}{l}{round}&\multicolumn{1}{c}{Gains in Skill/Knowledge}&\multicolumn{1}{c}{Intrinsic Motivation}&\multicolumn{1}{c}{Interest/Enjoyment}&\multicolumn{1}{c}{Perceived Choice}&\multicolumn{1}{c}{Pressure/Tension}&\multicolumn{1}{c}{Effort/Importance}\tabularnewline
\hline
\endhead
\hline
\multicolumn{7}{p{\linewidth}}{method:  spearman}\tabularnewline
\endfoot
\label{round}
Gains in Skill/Knowledge&$0.0000$&$0.0513$&$0.0513$&$0.0513$&$0.2621$&$0.8946$\tabularnewline
Intrinsic Motivation&$0.0513$&$0.0000$&$0.0833$&$0.3333$&$0.4167$&$0.9167$\tabularnewline
Interest/Enjoyment&$0.0513$&$0.0833$&$0.0000$&$0.3333$&$0.4167$&$0.9167$\tabularnewline
Perceived Choice&$0.0513$&$0.3333$&$0.3333$&$0.0000$&$0.3333$&$0.7500$\tabularnewline
Pressure/Tension&$0.2621$&$0.4167$&$0.4167$&$0.3333$&$0.0000$&$0.9167$\tabularnewline
Effort/Importance&$0.8946$&$0.9167$&$0.9167$&$0.7500$&$0.9167$&$0.0000$\tabularnewline
\hline
\end{longtable}}

\end{document}
